0.000000000000000000e+00 499
5.225100691838040896e-12 499
1.045020138367608179e-11 499
1.567530207551412269e-11 499
2.090040276735216358e-11 487
2.612550345919020448e-11 487
3.135060415102824537e-11 487
3.657570484286628950e-11 478
4.180080553470432717e-11 478
4.702590622654236483e-11 478
5.225100691838040896e-11 465
5.747610761021845308e-11 465
6.270120830205649075e-11 465
6.792630899389452841e-11 465
7.315140968573257900e-11 462
7.837651037757061667e-11 462
8.360161106940865433e-11 462
8.882671176124669200e-11 462
9.405181245308472966e-11 459
9.927691314492278025e-11 459
1.045020138367608179e-10 459
1.097271145285988556e-10 454
1.149522152204369062e-10 454
1.201773159122749309e-10 454
1.254024166041129815e-10 453
1.306275172959510321e-10 453
1.358526179877890568e-10 453
1.410777186796271074e-10 453
1.463028193714651580e-10 453
1.515279200633031827e-10 453
1.567530207551412333e-10 453
1.619781214469792581e-10 452
1.672032221388173087e-10 452
1.724283228306553593e-10 452
1.776534235224933840e-10 451
1.828785242143314346e-10 451
1.881036249061694593e-10 451
1.933287255980075099e-10 451
1.985538262898455605e-10 447
2.037789269816835852e-10 447
2.090040276735216358e-10 447
2.142291283653596864e-10 447
2.194542290571977112e-10 447
2.246793297490357617e-10 447
2.299044304408738123e-10 447
2.351295311327118371e-10 447
2.403546318245498618e-10 447
2.455797325163879383e-10 446
2.508048332082259630e-10 446
2.560299339000639877e-10 446
2.612550345919020642e-10 446
2.664801352837400889e-10 445
2.717052359755781137e-10 445
2.769303366674161901e-10 445
2.821554373592542148e-10 444
2.873805380510922396e-10 444
2.926056387429303160e-10 444
2.978307394347683408e-10 444
3.030558401266063655e-10 444
3.082809408184443902e-10 444
3.135060415102824667e-10 444
3.187311422021204914e-10 444
3.239562428939585162e-10 444
3.291813435857965926e-10 444
3.344064442776346173e-10 444
3.396315449694726421e-10 444
3.448566456613107185e-10 444
3.500817463531487432e-10 444
3.553068470449867680e-10 444
3.605319477368248444e-10 444
3.657570484286628692e-10 444
3.709821491205008939e-10 444
3.762072498123389186e-10 443
3.814323505041769951e-10 443
3.866574511960150198e-10 443
3.918825518878530446e-10 443
3.971076525796911210e-10 443
4.023327532715291457e-10 443
4.075578539633671705e-10 442
4.127829546552052469e-10 442
4.180080553470432717e-10 442
4.232331560388812964e-10 442
4.284582567307193728e-10 441
4.336833574225573976e-10 441
4.389084581143954223e-10 441
4.441335588062334988e-10 438
4.493586594980715235e-10 438
4.545837601899095482e-10 438
4.598088608817476247e-10 437
4.650339615735856494e-10 437
4.702590622654236742e-10 437
4.754841629572616989e-10 437
4.807092636490997236e-10 435
4.859343643409378518e-10 435
4.911594650327758765e-10 435
4.963845657246139013e-10 435
5.016096664164519260e-10 435
5.068347671082899507e-10 435
5.120598678001279755e-10 433
5.172849684919660002e-10 433
5.225100691838041284e-10 433
5.277351698756421531e-10 432
5.329602705674801778e-10 432
5.381853712593182026e-10 432
5.434104719511562273e-10 431
5.486355726429942521e-10 431
5.538606733348323802e-10 431
5.590857740266704049e-10 431
5.643108747185084297e-10 428
5.695359754103464544e-10 428
5.747610761021844791e-10 428
5.799861767940225039e-10 428
5.852112774858606320e-10 428
5.904363781776986568e-10 428
5.956614788695366815e-10 426
6.008865795613747062e-10 426
6.061116802532127310e-10 426
6.113367809450507557e-10 426
6.165618816368887805e-10 426
6.217869823287269086e-10 426
6.270120830205649333e-10 426
6.322371837124029581e-10 426
6.374622844042409828e-10 426
6.426873850960790076e-10 426
6.479124857879170323e-10 426
6.531375864797551604e-10 425
6.583626871715931852e-10 425
6.635877878634312099e-10 425
6.688128885552692347e-10 424
6.740379892471072594e-10 424
6.792630899389452841e-10 424
6.844881906307833089e-10 424
6.897132913226214370e-10 424
6.949383920144594618e-10 424
7.001634927062974865e-10 424
7.053885933981355112e-10 424
7.106136940899735360e-10 424
7.158387947818115607e-10 423
7.210638954736496889e-10 423
7.262889961654877136e-10 423
7.315140968573257383e-10 423
7.367391975491637631e-10 423
7.419642982410017878e-10 423
7.471893989328398126e-10 423
7.524144996246778373e-10 422
7.576396003165159654e-10 422
7.628647010083539902e-10 422
7.680898017001920149e-10 422
7.733149023920300396e-10 422
7.785400030838680644e-10 422
7.837651037757060891e-10 420
7.889902044675442173e-10 420
7.942153051593822420e-10 420
7.994404058512202667e-10 420
8.046655065430582915e-10 420
8.098906072348963162e-10 420
8.151157079267343410e-10 419
8.203408086185724691e-10 419
8.255659093104104938e-10 419
8.307910100022485186e-10 416
8.360161106940865433e-10 416
8.412412113859245681e-10 416
8.464663120777625928e-10 416
8.516914127696006175e-10 416
8.569165134614387457e-10 416
8.621416141532767704e-10 412
8.673667148451147952e-10 412
8.725918155369528199e-10 412
8.778169162287908446e-10 412
8.830420169206288694e-10 412
8.882671176124669975e-10 412
8.934922183043050223e-10 412
8.987173189961430470e-10 410
9.039424196879810717e-10 410
9.091675203798190965e-10 410
9.143926210716571212e-10 410
9.196177217634952494e-10 410
9.248428224553332741e-10 410
9.300679231471712988e-10 410
9.352930238390093236e-10 410
9.405181245308473483e-10 410
9.457432252226853731e-10 410
9.509683259145233978e-10 408
9.561934266063614225e-10 408
9.614185272981994473e-10 408
9.666436279900374720e-10 407
9.718687286818757035e-10 407
9.770938293737137283e-10 407
9.823189300655517530e-10 401
9.875440307573897778e-10 401
9.927691314492278025e-10 401
9.979942321410658272e-10 401
1.003219332832903852e-09 400
1.008444433524741877e-09 400
1.013669534216579901e-09 400
1.018894634908417926e-09 399
1.024119735600255951e-09 399
1.029344836292093976e-09 399
1.034569936983932000e-09 397
1.039795037675770232e-09 397
1.045020138367608257e-09 397
1.050245239059446281e-09 397
1.055470339751284306e-09 397
1.060695440443122331e-09 397
1.065920541134960356e-09 397
1.071145641826798380e-09 395
1.076370742518636405e-09 395
1.081595843210474430e-09 395
1.086820943902312455e-09 394
1.092046044594150479e-09 394
1.097271145285988504e-09 394
1.102496245977826529e-09 392
1.107721346669664760e-09 392
1.112946447361502785e-09 392
1.118171548053340810e-09 392
1.123396648745178835e-09 391
1.128621749437016859e-09 391
1.133846850128854884e-09 391
1.139071950820692909e-09 389
1.144297051512530934e-09 389
1.149522152204368958e-09 389
1.154747252896206983e-09 389
1.159972353588045008e-09 384
1.165197454279883033e-09 384
1.170422554971721264e-09 384
1.175647655663559289e-09 383
1.180872756355397314e-09 383
1.186097857047235338e-09 383
1.191322957739073363e-09 379
1.196548058430911388e-09 379
1.201773159122749412e-09 379
1.206998259814587437e-09 379
1.212223360506425462e-09 378
1.217448461198263487e-09 378
1.222673561890101511e-09 378
1.227898662581939536e-09 378
1.233123763273777561e-09 378
1.238348863965615792e-09 378
1.243573964657453817e-09 377
1.248799065349291842e-09 377
1.254024166041129867e-09 377
1.259249266732967891e-09 377
1.264474367424805916e-09 377
1.269699468116643941e-09 377
1.274924568808481966e-09 377
1.280149669500319990e-09 374
1.285374770192158015e-09 374
1.290599870883996040e-09 374
1.295824971575834065e-09 374
1.301050072267672089e-09 374
1.306275172959510321e-09 374
1.311500273651348346e-09 374
1.316725374343186370e-09 373
1.321950475035024395e-09 373
1.327175575726862420e-09 373
1.332400676418700445e-09 373
1.337625777110538469e-09 369
1.342850877802376494e-09 369
1.348075978494214519e-09 369
1.353301079186052544e-09 369
1.358526179877890568e-09 368
1.363751280569728593e-09 368
1.368976381261566618e-09 368
1.374201481953404849e-09 366
1.379426582645242874e-09 366
1.384651683337080899e-09 366
1.389876784028918924e-09 366
1.395101884720756948e-09 363
1.400326985412594973e-09 363
1.405552086104432998e-09 363
1.410777186796271022e-09 363
1.416002287488109047e-09 359
1.421227388179947072e-09 359
1.426452488871785097e-09 359
1.431677589563623121e-09 358
1.436902690255461146e-09 358
1.442127790947299378e-09 358
1.447352891639137402e-09 358
1.452577992330975427e-09 350
1.457803093022813452e-09 350
1.463028193714651477e-09 350
1.468253294406489501e-09 349
1.473478395098327526e-09 349
1.478703495790165551e-09 349
1.483928596482003576e-09 344
1.489153697173841600e-09 344
1.494378797865679625e-09 344
1.499603898557517650e-09 341
1.504828999249355675e-09 341
1.510054099941193906e-09 341
1.515279200633031931e-09 340
1.520504301324869956e-09 340
1.525729402016707980e-09 340
1.530954502708546005e-09 340
1.536179603400384030e-09 338
1.541404704092222055e-09 338
1.546629804784060079e-09 338
1.551854905475898104e-09 332
1.557080006167736129e-09 332
1.562305106859574154e-09 332
1.567530207551412178e-09 332
1.572755308243250410e-09 329
1.577980408935088435e-09 329
1.583205509626926459e-09 329
1.588430610318764484e-09 329
1.593655711010602509e-09 327
1.598880811702440533e-09 327
1.604105912394278558e-09 327
1.609331013086116583e-09 327
1.614556113777954608e-09 326
1.619781214469792632e-09 326
1.625006315161630657e-09 326
1.630231415853468682e-09 326
1.635456516545306707e-09 323
1.640681617237144938e-09 323
1.645906717928982963e-09 323
1.651131818620820988e-09 323
1.656356919312659012e-09 318
1.661582020004497037e-09 318
1.666807120696335062e-09 318
1.672032221388173087e-09 318
1.677257322080011111e-09 318
1.682482422771849136e-09 318
1.687707523463687161e-09 318
1.692932624155525186e-09 316
1.698157724847363210e-09 316
1.703382825539201235e-09 316
1.708607926231039467e-09 316
1.713833026922877491e-09 316
1.719058127614715516e-09 316
1.724283228306553541e-09 316
1.729508328998391566e-09 316
1.734733429690229590e-09 314
1.739958530382067615e-09 314
1.745183631073905640e-09 314
1.750408731765743665e-09 314
1.755633832457581689e-09 312
1.760858933149419714e-09 312
1.766084033841257739e-09 312
1.771309134533095763e-09 312
1.776534235224933995e-09 310
1.781759335916772020e-09 310
1.786984436608610045e-09 310
1.792209537300448069e-09 310
1.797434637992286094e-09 307
1.802659738684124119e-09 307
1.807884839375962143e-09 307
1.813109940067800168e-09 307
1.818335040759638193e-09 304
1.823560141451476218e-09 304
1.828785242143314242e-09 304
1.834010342835152267e-09 304
1.839235443526990499e-09 303
1.844460544218828523e-09 303
1.849685644910666548e-09 303
1.854910745602504573e-09 300
1.860135846294342598e-09 300
1.865360946986180416e-09 300
1.870586047678018647e-09 300
1.875811148369856879e-09 295
1.881036249061694697e-09 295
1.886261349753532928e-09 295
1.891486450445370746e-09 295
1.896711551137208978e-09 291
1.901936651829046796e-09 291
1.907161752520885027e-09 291
1.912386853212722845e-09 291
1.917611953904561077e-09 285
1.922837054596398895e-09 285
1.928062155288237126e-09 285
1.933287255980074944e-09 285
1.938512356671913176e-09 279
1.943737457363751407e-09 279
1.948962558055589225e-09 279
1.954187658747427457e-09 279
1.959412759439265275e-09 276
1.964637860131103506e-09 276
1.969862960822941324e-09 276
1.975088061514779556e-09 276
1.980313162206617373e-09 273
1.985538262898455605e-09 273
1.990763363590293423e-09 273
1.995988464282131654e-09 273
2.001213564973969472e-09 270
2.006438665665807704e-09 270
2.011663766357645936e-09 270
2.016888867049483753e-09 270
2.022113967741321985e-09 267
2.027339068433159803e-09 267
2.032564169124998034e-09 267
2.037789269816835852e-09 267
2.043014370508674084e-09 266
2.048239471200511902e-09 266
2.053464571892350133e-09 266
2.058689672584187951e-09 266
2.063914773276026183e-09 263
2.069139873967864001e-09 263
2.074364974659702232e-09 263
2.079590075351540464e-09 263
2.084815176043378282e-09 259
2.090040276735216513e-09 259
2.095265377427054331e-09 259
2.100490478118892563e-09 259
2.105715578810730381e-09 258
2.110940679502568612e-09 258
2.116165780194406430e-09 258
2.121390880886244662e-09 258
2.126615981578082480e-09 254
2.131841082269920711e-09 254
2.137066182961758529e-09 254
2.142291283653596761e-09 254
2.147516384345434992e-09 251
2.152741485037272810e-09 251
2.157966585729111042e-09 251
2.163191686420948860e-09 251
2.168416787112787091e-09 249
2.173641887804624909e-09 249
2.178866988496463141e-09 249
2.184092089188300959e-09 249
2.189317189880139190e-09 248
2.194542290571977008e-09 248
2.199767391263815240e-09 248
2.204992491955653058e-09 248
2.210217592647491289e-09 248
2.215442693339329521e-09 247
2.220667794031167339e-09 247
2.225892894723005570e-09 247
2.231117995414843388e-09 247
2.236343096106681620e-09 247
2.241568196798519438e-09 247
2.246793297490357669e-09 247
2.252018398182195487e-09 247
2.257243498874033719e-09 244
2.262468599565871537e-09 244
2.267693700257709768e-09 244
2.272918800949547586e-09 242
2.278143901641385818e-09 242
2.283369002333224049e-09 242
2.288594103025061867e-09 242
2.293819203716900099e-09 242
2.299044304408737917e-09 239
2.304269405100576148e-09 239
2.309494505792413966e-09 239
2.314719606484252198e-09 239
2.319944707176090016e-09 236
2.325169807867928247e-09 236
2.330394908559766065e-09 236
2.335620009251604297e-09 236
2.340845109943442528e-09 235
2.346070210635280346e-09 235
2.351295311327118578e-09 235
2.356520412018956396e-09 235
2.361745512710794627e-09 235
2.366970613402632445e-09 230
2.372195714094470677e-09 230
2.377420814786308494e-09 230
2.382645915478146726e-09 230
2.387871016169984544e-09 223
2.393096116861822775e-09 223
2.398321217553660593e-09 223
2.403546318245498825e-09 223
2.408771418937337057e-09 221
2.413996519629174874e-09 221
2.419221620321013106e-09 221
2.424446721012850924e-09 221
2.429671821704689155e-09 217
2.434896922396526973e-09 217
2.440122023088365205e-09 217
2.445347123780203023e-09 217
2.450572224472041254e-09 213
2.455797325163879072e-09 213
2.461022425855717304e-09 213
2.466247526547555122e-09 213
2.471472627239393353e-09 213
2.476697727931231585e-09 211
2.481922828623069403e-09 211
2.487147929314907634e-09 211
2.492373030006745452e-09 211
2.497598130698583684e-09 207
2.502823231390421502e-09 207
2.508048332082259733e-09 207
2.513273432774097551e-09 207
2.518498533465935783e-09 204
2.523723634157773601e-09 204
2.528948734849611832e-09 204
2.534173835541449650e-09 204
2.539398936233287882e-09 198
2.544624036925126113e-09 198
2.549849137616963931e-09 198
2.555074238308802163e-09 198
2.560299339000639981e-09 198
2.565524439692478212e-09 194
2.570749540384316030e-09 194
2.575974641076154262e-09 194
2.581199741767992080e-09 194
2.586424842459830311e-09 194
2.591649943151668129e-09 194
2.596875043843506361e-09 194
2.602100144535344179e-09 194
2.607325245227182410e-09 194
2.612550345919020642e-09 192
2.617775446610858460e-09 192
2.623000547302696691e-09 192
2.628225647994534509e-09 192
2.633450748686372741e-09 192
2.638675849378210559e-09 190
2.643900950070048790e-09 190
2.649126050761886608e-09 190
2.654351151453724840e-09 190
2.659576252145562658e-09 190
2.664801352837400889e-09 190
2.670026453529238707e-09 190
2.675251554221076939e-09 190
2.680476654912915170e-09 188
2.685701755604752988e-09 188
2.690926856296591220e-09 188
2.696151956988429038e-09 188
2.701377057680267269e-09 188
2.706602158372105087e-09 185
2.711827259063943319e-09 185
2.717052359755781137e-09 185
2.722277460447619368e-09 185
2.727502561139457186e-09 185
2.732727661831295418e-09 185
2.737952762523133236e-09 185
2.743177863214971467e-09 185
2.748402963906809699e-09 185
2.753628064598647517e-09 184
2.758853165290485748e-09 184
2.764078265982323566e-09 184
2.769303366674161798e-09 184
2.774528467365999615e-09 184
2.779753568057837847e-09 184
2.784978668749675665e-09 184
2.790203769441513896e-09 184
2.795428870133351714e-09 184
2.800653970825189946e-09 180
2.805879071517027764e-09 180
2.811104172208865995e-09 180
2.816329272900704227e-09 180
2.821554373592542045e-09 180
2.826779474284380276e-09 178
2.832004574976218094e-09 178
2.837229675668056326e-09 178
2.842454776359894144e-09 178
2.847679877051732375e-09 176
2.852904977743570193e-09 176
2.858130078435408425e-09 176
2.863355179127246243e-09 176
2.868580279819084474e-09 176
2.873805380510922292e-09 172
2.879030481202760524e-09 172
2.884255581894598755e-09 172
2.889480682586436573e-09 172
2.894705783278274805e-09 172
2.899930883970112623e-09 169
2.905155984661950854e-09 169
2.910381085353788672e-09 169
2.915606186045626904e-09 169
2.920831286737464722e-09 164
2.926056387429302953e-09 164
2.931281488121140771e-09 164
2.936506588812979003e-09 164
2.941731689504816821e-09 162
2.946956790196655052e-09 162
2.952181890888493284e-09 162
2.957406991580331102e-09 162
2.962632092272169333e-09 157
2.967857192964007151e-09 157
2.973082293655845383e-09 157
2.978307394347683201e-09 157
2.983532495039521432e-09 152
2.988757595731359250e-09 152
2.993982696423197482e-09 152
2.999207797115035300e-09 152
3.004432897806873531e-09 150
3.009657998498711349e-09 150
3.014883099190549581e-09 150
3.020108199882387812e-09 150
3.025333300574225630e-09 150
3.030558401266063862e-09 148
3.035783501957901680e-09 148
3.041008602649739911e-09 148
3.046233703341577729e-09 148
3.051458804033415961e-09 146
3.056683904725253779e-09 146
3.061909005417092010e-09 146
3.067134106108929828e-09 146
3.072359206800768060e-09 146
3.077584307492606291e-09 144
3.082809408184444109e-09 144
3.088034508876282341e-09 144
3.093259609568120159e-09 144
3.098484710259958390e-09 144
3.103709810951796208e-09 141
3.108934911643634440e-09 141
3.114160012335472258e-09 141
3.119385113027310489e-09 141
3.124610213719148307e-09 141
3.129835314410986539e-09 138
3.135060415102824357e-09 138
3.140285515794662588e-09 138
3.145510616486500820e-09 138
3.150735717178338638e-09 138
3.155960817870176869e-09 137
3.161185918562014687e-09 137
3.166411019253852919e-09 137
3.171636119945690736e-09 137
3.176861220637528968e-09 136
3.182086321329366786e-09 136
3.187311422021205018e-09 136
3.192536522713042835e-09 136
3.197761623404881067e-09 134
3.202986724096718885e-09 134
3.208211824788557116e-09 134
3.213436925480395348e-09 134
3.218662026172233166e-09 134
3.223887126864071397e-09 134
3.229112227555909215e-09 134
3.234337328247747447e-09 134
3.239562428939585265e-09 133
3.244787529631423496e-09 133
3.250012630323261314e-09 133
3.255237731015099546e-09 133
3.260462831706937364e-09 133
3.265687932398775595e-09 133
3.270913033090613413e-09 133
3.276138133782451645e-09 133
3.281363234474289876e-09 133
3.286588335166127694e-09 132
3.291813435857965926e-09 132
3.297038536549803744e-09 132
3.302263637241641975e-09 132
3.307488737933479793e-09 131
3.312713838625318025e-09 131
3.317938939317155843e-09 131
3.323164040008994074e-09 131
3.328389140700831892e-09 131
3.333614241392670124e-09 130
3.338839342084507942e-09 130
3.344064442776346173e-09 130
3.349289543468184405e-09 130
3.354514644160022223e-09 127
3.359739744851860454e-09 127
3.364964845543698272e-09 127
3.370189946235536504e-09 127
3.375415046927374322e-09 124
3.380640147619212553e-09 124
3.385865248311050371e-09 124
3.391090349002888603e-09 124
3.396315449694726421e-09 124
3.401540550386564652e-09 120
3.406765651078402470e-09 120
3.411990751770240702e-09 120
3.417215852462078933e-09 120
3.422440953153916751e-09 120
3.427666053845754983e-09 118
3.432891154537592801e-09 118
3.438116255229431032e-09 118
3.443341355921268850e-09 118
3.448566456613107082e-09 118
3.453791557304944900e-09 118
3.459016657996783131e-09 118
3.464241758688620949e-09 118
3.469466859380459181e-09 118
3.474691960072296999e-09 114
3.479917060764135230e-09 114
3.485142161455973462e-09 114
3.490367262147811280e-09 114
3.495592362839649511e-09 111
3.500817463531487329e-09 111
3.506042564223325561e-09 111
3.511267664915163379e-09 111
3.516492765607001610e-09 111
3.521717866298839428e-09 110
3.526942966990677660e-09 110
3.532168067682515478e-09 110
3.537393168374353709e-09 110
3.542618269066191527e-09 105
3.547843369758029759e-09 105
3.553068470449867990e-09 105
3.558293571141705808e-09 105
3.563518671833544040e-09 102
3.568743772525381857e-09 102
3.573968873217220089e-09 102
3.579193973909057907e-09 102
3.584419074600896139e-09 101
3.589644175292733956e-09 101
3.594869275984572188e-09 101
3.600094376676410006e-09 101
3.605319477368248237e-09 101
3.610544578060086055e-09 100
3.615769678751924287e-09 100
3.620994779443762518e-09 100
3.626219880135600336e-09 100
3.631444980827438568e-09 99
3.636670081519276386e-09 99
3.641895182211114617e-09 99
3.647120282902952435e-09 99
3.652345383594790667e-09 98
3.657570484286628485e-09 98
3.662795584978466716e-09 98
3.668020685670304534e-09 98
3.673245786362142766e-09 98
3.678470887053980997e-09 97
3.683695987745818815e-09 97
3.688921088437657047e-09 97
3.694146189129494865e-09 97
3.699371289821333096e-09 97
3.704596390513170914e-09 97
3.709821491205009146e-09 97
3.715046591896846964e-09 97
3.720271692588685195e-09 97
3.725496793280523013e-09 96
3.730721893972360831e-09 96
3.735946994664199476e-09 96
3.741172095356037294e-09 96
3.746397196047875112e-09 95
3.751622296739713757e-09 95
3.756847397431551575e-09 95
3.762072498123389393e-09 95
3.767297598815227211e-09 95
3.772522699507065856e-09 94
3.777747800198903674e-09 94
3.782972900890741492e-09 94
3.788198001582579310e-09 94
3.793423102274417955e-09 93
3.798648202966255773e-09 93
3.803873303658093591e-09 93
3.809098404349931409e-09 93
3.814323505041770054e-09 93
3.819548605733607872e-09 93
3.824773706425445690e-09 93
3.829998807117284335e-09 93
3.835223907809122153e-09 93
3.840449008500959971e-09 90
3.845674109192797789e-09 90
3.850899209884636434e-09 90
3.856124310576474252e-09 90
3.861349411268312070e-09 90
3.866574511960149888e-09 90
3.871799612651988533e-09 90
3.877024713343826351e-09 90
3.882249814035664169e-09 90
3.887474914727502814e-09 90
3.892700015419340632e-09 90
3.897925116111178450e-09 90
3.903150216803016268e-09 90
3.908375317494854913e-09 89
3.913600418186692731e-09 89
3.918825518878530549e-09 89
3.924050619570368367e-09 89
3.929275720262207012e-09 89
3.934500820954044830e-09 86
3.939725921645882648e-09 86
3.944951022337720466e-09 86
3.950176123029559111e-09 86
3.955401223721396929e-09 85
3.960626324413234747e-09 85
3.965851425105073392e-09 85
3.971076525796911210e-09 85
3.976301626488749028e-09 83
3.981526727180586846e-09 83
3.986751827872425491e-09 83
3.991976928564263309e-09 83
3.997202029256101127e-09 83
4.002427129947938945e-09 81
4.007652230639777590e-09 81
4.012877331331615408e-09 81
4.018102432023453226e-09 81
4.023327532715291871e-09 81
4.028552633407129689e-09 81
4.033777734098967507e-09 81
4.039002834790805325e-09 81
4.044227935482643970e-09 79
4.049453036174481788e-09 79
4.054678136866319606e-09 79
4.059903237558157424e-09 79
4.065128338249996069e-09 79
4.070353438941833887e-09 79
4.075578539633671705e-09 79
4.080803640325510350e-09 79
4.086028741017348168e-09 79
4.091253841709185986e-09 78
4.096478942401023804e-09 78
4.101704043092862449e-09 78
4.106929143784700267e-09 78
4.112154244476538085e-09 78
4.117379345168375903e-09 76
4.122604445860214548e-09 76
4.127829546552052366e-09 76
4.133054647243890184e-09 76
4.138279747935728002e-09 72
4.143504848627566647e-09 72
4.148729949319404465e-09 72
4.153955050011242283e-09 72
4.159180150703080928e-09 72
4.164405251394918746e-09 72
4.169630352086756564e-09 72
4.174855452778594382e-09 72
4.180080553470433027e-09 72
4.185305654162270845e-09 72
4.190530754854108663e-09 70
4.195755855545946481e-09 70
4.200980956237785126e-09 70
4.206206056929622944e-09 70
4.211431157621460762e-09 70
4.216656258313299407e-09 70
4.221881359005137225e-09 70
4.227106459696975043e-09 70
4.232331560388812861e-09 70
4.237556661080651506e-09 70
4.242781761772489324e-09 70
4.248006862464327142e-09 70
4.253231963156164960e-09 70
4.258457063848003605e-09 70
4.263682164539841423e-09 70
4.268907265231679241e-09 70
4.274132365923517059e-09 70
4.279357466615355704e-09 70
4.284582567307193522e-09 70
4.289807667999031340e-09 70
4.295032768690869985e-09 70
4.300257869382707803e-09 69
4.305482970074545621e-09 69
4.310708070766383439e-09 69
4.315933171458222084e-09 69
4.321158272150059902e-09 68
4.326383372841897720e-09 68
4.331608473533735537e-09 68
4.336833574225574183e-09 68
4.342058674917412001e-09 67
4.347283775609249818e-09 67
4.352508876301088464e-09 67
4.357733976992926282e-09 67
4.362959077684764099e-09 67
4.368184178376601917e-09 65
4.373409279068440563e-09 65
4.378634379760278381e-09 65
4.383859480452116198e-09 65
4.389084581143954016e-09 64
4.394309681835792662e-09 64
4.399534782527630479e-09 64
4.404759883219468297e-09 64
4.409984983911306115e-09 64
4.415210084603144760e-09 64
4.420435185294982578e-09 64
4.425660285986820396e-09 64
4.430885386678659042e-09 63
4.436110487370496859e-09 63
4.441335588062334677e-09 63
4.446560688754172495e-09 63
4.451785789446011140e-09 63
4.457010890137848958e-09 60
4.462235990829686776e-09 60
4.467461091521524594e-09 60
4.472686192213363239e-09 60
4.477911292905201057e-09 59
4.483136393597038875e-09 59
4.488361494288877520e-09 59
4.493586594980715338e-09 59
4.498811695672553156e-09 59
4.504036796364390974e-09 58
4.509261897056229619e-09 58
4.514486997748067437e-09 58
4.519712098439905255e-09 58
4.524937199131743073e-09 58
4.530162299823581718e-09 57
4.535387400515419536e-09 57
4.540612501207257354e-09 57
4.545837601899095172e-09 57
4.551062702590933817e-09 57
4.556287803282771635e-09 56
4.561512903974609453e-09 56
4.566738004666448098e-09 56
4.571963105358285916e-09 56
4.577188206050123734e-09 56
4.582413306741961552e-09 56
4.587638407433800197e-09 56
4.592863508125638015e-09 56
4.598088608817475833e-09 56
4.603313709509313651e-09 56
4.608538810201152296e-09 55
4.613763910892990114e-09 55
4.618989011584827932e-09 55
4.624214112276666577e-09 55
4.629439212968504395e-09 55
4.634664313660342213e-09 55
4.639889414352180031e-09 55
4.645114515044018676e-09 55
4.650339615735856494e-09 55
4.655564716427694312e-09 54
4.660789817119532130e-09 54
4.666014917811370775e-09 54
4.671240018503208593e-09 54
4.676465119195046411e-09 54
4.681690219886885056e-09 53
4.686915320578722874e-09 53
4.692140421270560692e-09 53
4.697365521962398510e-09 53
4.702590622654237155e-09 53
4.707815723346074973e-09 53
4.713040824037912791e-09 53
4.718265924729750609e-09 53
4.723491025421589254e-09 53
4.728716126113427072e-09 51
4.733941226805264890e-09 51
4.739166327497102708e-09 51
4.744391428188941353e-09 51
4.749616528880779171e-09 51
4.754841629572616989e-09 51
4.760066730264455634e-09 51
4.765291830956293452e-09 51
4.770516931648131270e-09 51
4.775742032339969088e-09 51
4.780967133031807733e-09 48
4.786192233723645551e-09 48
4.791417334415483369e-09 48
4.796642435107321187e-09 48
4.801867535799159832e-09 48
4.807092636490997650e-09 48
4.812317737182835468e-09 48
4.817542837874674113e-09 48
4.822767938566511931e-09 48
4.827993039258349749e-09 48
4.833218139950187567e-09 48
4.838443240642026212e-09 48
4.843668341333864030e-09 48
4.848893442025701848e-09 48
4.854118542717539666e-09 48
4.859343643409378311e-09 47
4.864568744101216129e-09 47
4.869793844793053947e-09 47
4.875018945484891765e-09 47
4.880244046176730410e-09 47
4.885469146868568228e-09 47
4.890694247560406046e-09 47
4.895919348252244691e-09 47
4.901144448944082509e-09 47
4.906369549635920327e-09 47
4.911594650327758145e-09 46
4.916819751019596790e-09 46
4.922044851711434608e-09 46
4.927269952403272426e-09 46
4.932495053095110244e-09 46
4.937720153786948889e-09 45
4.942945254478786707e-09 45
4.948170355170624525e-09 45
4.953395455862463170e-09 45
4.958620556554300988e-09 45
4.963845657246138806e-09 43
4.969070757937976624e-09 43
4.974295858629815269e-09 43
4.979520959321653087e-09 43
4.984746060013490905e-09 40
4.989971160705328723e-09 40
4.995196261397167368e-09 40
5.000421362089005186e-09 40
5.005646462780843004e-09 40
5.010871563472680822e-09 40
5.016096664164519467e-09 40
5.021321764856357285e-09 40
5.026546865548195103e-09 40
5.031771966240033748e-09 38
5.036997066931871566e-09 38
5.042222167623709384e-09 38
5.047447268315547202e-09 38
5.052672369007385847e-09 36
5.057897469699223665e-09 36
5.063122570391061483e-09 36
5.068347671082899301e-09 36
5.073572771774737946e-09 36
5.078797872466575764e-09 36
5.084022973158413582e-09 36
5.089248073850252227e-09 36
5.094473174542090045e-09 36
5.099698275233927863e-09 35
5.104923375925765681e-09 35
5.110148476617604326e-09 35
5.115373577309442144e-09 35
5.120598678001279962e-09 35
5.125823778693117779e-09 35
5.131048879384956425e-09 35
5.136273980076794243e-09 35
5.141499080768632060e-09 34
5.146724181460469878e-09 34
5.151949282152308524e-09 34
5.157174382844146342e-09 34
5.162399483535984159e-09 34
5.167624584227822805e-09 34
5.172849684919660623e-09 34
5.178074785611498440e-09 34
5.183299886303336258e-09 34
5.188524986995174904e-09 34
5.193750087687012721e-09 34
5.198975188378850539e-09 33
5.204200289070688357e-09 33
5.209425389762527002e-09 33
5.214650490454364820e-09 33
5.219875591146202638e-09 33
