0.000000000000000000e+00 3200
1.001145587685456004e-09 3200
2.002291175370912007e-09 3200
3.003436763056368011e-09 3200
4.004582350741824015e-09 3188
5.005727938427280432e-09 3188
6.006873526112736022e-09 3188
7.008019113798191612e-09 3187
8.009164701483648030e-09 3187
9.010310289169104447e-09 3187
1.001145587685456086e-08 3187
1.101260146454001563e-08 3187
1.201374705222547204e-08 3187
1.301489263991092846e-08 3186
1.401603822759638322e-08 3186
1.501718381528184130e-08 3186
1.601832940296729606e-08 3184
1.701947499065275082e-08 3184
1.802062057833820889e-08 3184
1.902176616602366366e-08 3184
2.002291175370912173e-08 3182
2.102405734139457649e-08 3182
2.202520292908003125e-08 3182
2.302634851676548933e-08 3181
2.402749410445094409e-08 3181
2.502863969213639885e-08 3181
2.602978527982185692e-08 3181
2.703093086750731169e-08 3181
2.803207645519276645e-08 3181
2.903322204287822452e-08 3181
3.003436763056368259e-08 3181
3.103551321824913736e-08 3181
3.203665880593459212e-08 3181
3.303780439362004688e-08 3181
3.403894998130550164e-08 3181
3.504009556899096303e-08 3181
3.604124115667641779e-08 3180
3.704238674436187255e-08 3180
3.804353233204732731e-08 3180
3.904467791973278208e-08 3180
4.004582350741824346e-08 3180
4.104696909510369822e-08 3180
4.204811468278915298e-08 3180
4.304926027047460775e-08 3180
4.405040585816006251e-08 3180
4.505155144584551727e-08 3180
4.605269703353097865e-08 3180
4.705384262121643342e-08 3180
4.805498820890188818e-08 3180
4.905613379658734294e-08 3180
5.005727938427279770e-08 3180
5.105842497195825908e-08 3180
5.205957055964371385e-08 3180
5.306071614732916861e-08 3180
5.406186173501462337e-08 3180
5.506300732270007814e-08 3180
5.606415291038553290e-08 3180
5.706529849807099428e-08 3180
5.806644408575644904e-08 3180
5.906758967344190381e-08 3180
6.006873526112736519e-08 3180
6.106988084881281995e-08 3180
6.207102643649827471e-08 3180
6.307217202418372947e-08 3180
6.407331761186918424e-08 3180
6.507446319955463900e-08 3180
6.607560878724009376e-08 3180
6.707675437492554853e-08 3180
6.807789996261100329e-08 3180
6.907904555029645805e-08 3180
7.008019113798192605e-08 3180
7.108133672566738081e-08 3180
7.208248231335283558e-08 3180
7.308362790103829034e-08 3180
7.408477348872374510e-08 3180
7.508591907640919987e-08 3180
7.608706466409465463e-08 3180
7.708821025178010939e-08 3180
7.808935583946556415e-08 3180
7.909050142715101892e-08 3180
8.009164701483648691e-08 3180
8.109279260252194168e-08 3180
8.209393819020739644e-08 3180
8.309508377789285120e-08 3180
8.409622936557830597e-08 3180
8.509737495326376073e-08 3180
8.609852054094921549e-08 3180
8.709966612863467026e-08 3180
8.810081171632012502e-08 3180
8.910195730400557978e-08 3180
9.010310289169103454e-08 3180
9.110424847937650254e-08 3180
9.210539406706195730e-08 3180
9.310653965474741207e-08 3180
9.410768524243286683e-08 3180
9.510883083011832159e-08 3180
9.610997641780377636e-08 3180
9.711112200548923112e-08 3180
9.811226759317468588e-08 3180
9.911341318086014065e-08 3180
1.001145587685455954e-07 3180
1.011157043562310502e-07 3180
1.021168499439165182e-07 3180
1.031179955316019729e-07 3180
1.041191411192874277e-07 3180
1.051202867069728825e-07 3180
1.061214322946583372e-07 3180
1.071225778823437920e-07 3180
1.081237234700292467e-07 3180
1.091248690577147015e-07 3180
1.101260146454001563e-07 3180
1.111271602330856110e-07 3180
1.121283058207710658e-07 3180
1.131294514084565338e-07 3180
1.141305969961419886e-07 3180
1.151317425838274433e-07 3180
1.161328881715128981e-07 3180
1.171340337591983528e-07 3180
1.181351793468838076e-07 3180
1.191363249345692624e-07 3180
1.201374705222547304e-07 3180
1.211386161099401851e-07 3180
1.221397616976256399e-07 3180
1.231409072853110947e-07 3180
1.241420528729965494e-07 3180
1.251431984606820042e-07 3180
1.261443440483674589e-07 3180
1.271454896360529137e-07 3180
1.281466352237383685e-07 3180
1.291477808114238232e-07 3180
1.301489263991092780e-07 3180
1.311500719867947328e-07 3180
1.321512175744801875e-07 3180
1.331523631621656423e-07 3180
1.341535087498510971e-07 3180
1.351546543375365518e-07 3180
1.361557999252220066e-07 3180
1.371569455129074613e-07 3180
1.381580911005929161e-07 3180
1.391592366882783973e-07 3180
1.401603822759638521e-07 3180
1.411615278636493069e-07 3180
1.421626734513347616e-07 3180
1.431638190390202164e-07 3180
1.441649646267056712e-07 3180
1.451661102143911259e-07 3180
1.461672558020765807e-07 3180
1.471684013897620354e-07 3180
1.481695469774474902e-07 3180
1.491706925651329450e-07 3180
1.501718381528183997e-07 3180
1.511729837405038545e-07 3180
1.521741293281893093e-07 3180
1.531752749158747640e-07 3180
1.541764205035602188e-07 3180
1.551775660912456735e-07 3180
1.561787116789311283e-07 3180
1.571798572666165831e-07 3180
1.581810028543020378e-07 3180
1.591821484419874926e-07 3180
1.601832940296729738e-07 3180
1.611844396173584286e-07 3180
1.621855852050438834e-07 3180
1.631867307927293381e-07 3180
1.641878763804147929e-07 3180
1.651890219681002476e-07 3180
1.661901675557857024e-07 3180
1.671913131434711572e-07 3180
1.681924587311566119e-07 3180
1.691936043188420667e-07 3180
1.701947499065275215e-07 3180
1.711958954942129762e-07 3180
1.721970410818984310e-07 3180
1.731981866695838857e-07 3180
1.741993322572693405e-07 3180
1.752004778449547953e-07 3180
1.762016234326402500e-07 3180
1.772027690203257048e-07 3180
1.782039146080111596e-07 3180
1.792050601956966143e-07 3180
1.802062057833820691e-07 3180
1.812073513710675239e-07 3180
1.822084969587530051e-07 3180
1.832096425464384598e-07 3180
1.842107881341239146e-07 3180
1.852119337218093694e-07 3180
1.862130793094948241e-07 3180
1.872142248971802789e-07 3180
1.882153704848657337e-07 3180
1.892165160725511884e-07 3180
1.902176616602366432e-07 3180
1.912188072479220980e-07 3180
1.922199528356075527e-07 3180
1.932210984232930075e-07 3180
1.942222440109784622e-07 3180
1.952233895986639170e-07 3180
1.962245351863493718e-07 3180
1.972256807740348265e-07 3180
1.982268263617202813e-07 3180
1.992279719494057361e-07 3180
2.002291175370911908e-07 3180
2.012302631247766456e-07 3180
2.022314087124621003e-07 3180
2.032325543001475816e-07 3180
2.042336998878330363e-07 3180
2.052348454755184911e-07 3180
2.062359910632039459e-07 3180
2.072371366508894006e-07 3180
2.082382822385748554e-07 3180
2.092394278262603102e-07 3180
2.102405734139457649e-07 3180
2.112417190016312197e-07 3180
2.122428645893166744e-07 3180
2.132440101770021292e-07 3180
2.142451557646875840e-07 3180
2.152463013523730387e-07 3180
2.162474469400584935e-07 3180
2.172485925277439483e-07 3180
2.182497381154294030e-07 3180
2.192508837031148578e-07 3180
2.202520292908003125e-07 3180
2.212531748784857673e-07 3180
2.222543204661712221e-07 3180
2.232554660538566768e-07 3180
2.242566116415421316e-07 3180
2.252577572292276128e-07 3180
2.262589028169130676e-07 3180
2.272600484045985224e-07 3180
2.282611939922839771e-07 3180
2.292623395799694319e-07 3180
2.302634851676548866e-07 3180
2.312646307553403414e-07 3180
2.322657763430257962e-07 3180
2.332669219307112509e-07 3180
2.342680675183967057e-07 3180
2.352692131060821605e-07 3180
2.362703586937676152e-07 3180
2.372715042814530700e-07 3180
2.382726498691385247e-07 3180
2.392737954568239795e-07 3180
2.402749410445094607e-07 3180
2.412760866321948890e-07 3180
2.422772322198803703e-07 3180
2.432783778075657986e-07 3180
2.442795233952512798e-07 3180
2.452806689829367081e-07 3180
2.462818145706221893e-07 3180
2.472829601583076176e-07 3180
2.482841057459930988e-07 3180
2.492852513336785271e-07 3180
2.502863969213640084e-07 3180
2.512875425090494367e-07 3180
2.522886880967349179e-07 3180
2.532898336844203462e-07 3180
2.542909792721058274e-07 3180
2.552921248597912557e-07 3180
2.562932704474767370e-07 3180
2.572944160351622182e-07 3180
2.582955616228476465e-07 3180
2.592967072105331277e-07 3180
2.602978527982185560e-07 3180
2.612989983859040372e-07 3180
2.623001439735894655e-07 3180
2.633012895612749468e-07 3180
2.643024351489603751e-07 3180
2.653035807366458563e-07 3180
2.663047263243312846e-07 3180
2.673058719120167658e-07 3180
2.683070174997021941e-07 3180
2.693081630873876753e-07 3180
2.703093086750731036e-07 3180
2.713104542627585849e-07 3180
2.723115998504440132e-07 3180
2.733127454381294944e-07 3180
2.743138910258149227e-07 3180
2.753150366135004039e-07 3180
2.763161822011858322e-07 3180
2.773173277888713134e-07 3180
2.783184733765567947e-07 3180
2.793196189642422230e-07 3180
2.803207645519277042e-07 3180
2.813219101396131325e-07 3180
2.823230557272986137e-07 3180
2.833242013149840420e-07 3180
2.843253469026695233e-07 3180
2.853264924903549515e-07 3180
2.863276380780404328e-07 3180
2.873287836657258611e-07 3180
2.883299292534113423e-07 3180
2.893310748410967706e-07 3180
2.903322204287822518e-07 3180
2.913333660164676801e-07 3180
2.923345116041531614e-07 3180
2.933356571918385896e-07 3180
2.943368027795240709e-07 3180
2.953379483672094992e-07 3180
2.963390939548949804e-07 3180
2.973402395425804087e-07 3180
2.983413851302658899e-07 3180
2.993425307179513712e-07 3180
3.003436763056367995e-07 3180
3.013448218933222807e-07 3180
3.023459674810077090e-07 3180
3.033471130686931902e-07 3180
3.043482586563786185e-07 3180
3.053494042440640997e-07 3180
3.063505498317495280e-07 3180
3.073516954194350093e-07 3180
3.083528410071204376e-07 3180
3.093539865948059188e-07 3180
3.103551321824913471e-07 3180
3.113562777701768283e-07 3180
3.123574233578622566e-07 3180
3.133585689455477378e-07 3180
3.143597145332331661e-07 3180
3.153608601209186474e-07 3180
3.163620057086040757e-07 3180
3.173631512962895569e-07 3180
3.183642968839749852e-07 3180
3.193654424716604664e-07 3180
3.203665880593459477e-07 3180
3.213677336470313760e-07 3180
3.223688792347168572e-07 3180
3.233700248224022855e-07 3180
3.243711704100877667e-07 3180
3.253723159977731950e-07 3180
3.263734615854586762e-07 3180
3.273746071731441045e-07 3180
3.283757527608295858e-07 3180
3.293768983485150141e-07 3180
3.303780439362004953e-07 3180
3.313791895238859236e-07 3180
3.323803351115714048e-07 3180
3.333814806992568331e-07 3180
3.343826262869423143e-07 3180
3.353837718746277426e-07 3180
3.363849174623132239e-07 3180
3.373860630499986522e-07 3180
3.383872086376841334e-07 3180
3.393883542253695617e-07 3180
3.403894998130550429e-07 3180
3.413906454007404712e-07 3180
3.423917909884259524e-07 3180
3.433929365761114337e-07 3180
3.443940821637968620e-07 3180
3.453952277514823432e-07 3180
3.463963733391677715e-07 3180
3.473975189268532527e-07 3180
3.483986645145386810e-07 3180
3.493998101022241623e-07 3180
3.504009556899095905e-07 3180
3.514021012775950718e-07 3180
3.524032468652805001e-07 3180
3.534043924529659813e-07 3180
3.544055380406514096e-07 3180
3.554066836283368908e-07 3180
3.564078292160223191e-07 3180
3.574089748037078004e-07 3180
3.584101203913932287e-07 3180
3.594112659790787099e-07 3180
3.604124115667641382e-07 3180
3.614135571544496194e-07 3180
3.624147027421350477e-07 3180
3.634158483298205289e-07 3180
3.644169939175060102e-07 3180
3.654181395051914385e-07 3180
3.664192850928769197e-07 3180
3.674204306805623480e-07 3180
3.684215762682478292e-07 3180
3.694227218559332575e-07 3180
3.704238674436187387e-07 3180
3.714250130313041670e-07 3180
3.724261586189896483e-07 3180
3.734273042066750766e-07 3180
3.744284497943605578e-07 3180
3.754295953820459861e-07 3180
3.764307409697314673e-07 3180
3.774318865574168956e-07 3180
3.784330321451023768e-07 3180
3.794341777327878051e-07 3180
3.804353233204732864e-07 3180
3.814364689081587147e-07 3180
3.824376144958441959e-07 3180
3.834387600835296242e-07 3180
3.844399056712151054e-07 3180
3.854410512589005867e-07 3180
3.864421968465860150e-07 3180
3.874433424342714962e-07 3180
3.884444880219569245e-07 3180
3.894456336096424057e-07 3180
3.904467791973278340e-07 3180
3.914479247850133152e-07 3180
3.924490703726987435e-07 3180
3.934502159603842248e-07 3180
3.944513615480696531e-07 3180
3.954525071357551343e-07 3180
3.964536527234405626e-07 3180
3.974547983111260438e-07 3180
3.984559438988114721e-07 3180
3.994570894864969533e-07 3180
4.004582350741823816e-07 3180
4.014593806618678629e-07 3180
4.024605262495532912e-07 3180
4.034616718372387724e-07 3180
4.044628174249242007e-07 3180
4.054639630126096819e-07 3180
4.064651086002951632e-07 3180
4.074662541879805914e-07 3180
4.084673997756660727e-07 3180
4.094685453633515010e-07 3180
4.104696909510369822e-07 3180
4.114708365387224105e-07 3180
4.124719821264078917e-07 3180
4.134731277140933200e-07 3180
4.144742733017788013e-07 3180
4.154754188894642295e-07 3180
4.164765644771497108e-07 3180
4.174777100648351391e-07 3180
4.184788556525206203e-07 3180
4.194800012402060486e-07 3180
4.204811468278915298e-07 3180
4.214822924155769581e-07 3180
4.224834380032624394e-07 3180
4.234845835909478677e-07 3180
4.244857291786333489e-07 3180
4.254868747663187772e-07 3180
4.264880203540042584e-07 3180
4.274891659416897396e-07 3180
4.284903115293751679e-07 3180
4.294914571170606492e-07 3180
4.304926027047460775e-07 3180
4.314937482924315587e-07 3180
4.324948938801169870e-07 3180
4.334960394678024682e-07 3180
4.344971850554878965e-07 3180
4.354983306431733777e-07 3180
4.364994762308588060e-07 3180
4.375006218185442873e-07 3180
4.385017674062297156e-07 3180
4.395029129939151968e-07 3180
4.405040585816006251e-07 3180
4.415052041692861063e-07 3180
4.425063497569715346e-07 3180
4.435074953446570158e-07 3180
4.445086409323424441e-07 3180
4.455097865200279254e-07 3180
4.465109321077133537e-07 3180
4.475120776953988349e-07 3180
4.485132232830842632e-07 3180
4.495143688707697444e-07 3180
4.505155144584552257e-07 3180
4.515166600461406540e-07 3180
4.525178056338261352e-07 3180
4.535189512215115635e-07 3180
4.545200968091970447e-07 3180
4.555212423968824730e-07 3180
4.565223879845679542e-07 3180
4.575235335722533825e-07 3180
4.585246791599388638e-07 3180
4.595258247476242921e-07 3180
4.605269703353097733e-07 3180
4.615281159229952016e-07 3180
4.625292615106806828e-07 3180
4.635304070983661111e-07 3180
4.645315526860515923e-07 3180
4.655326982737370206e-07 3180
4.665338438614225019e-07 3180
4.675349894491079302e-07 3180
4.685361350367934114e-07 3180
4.695372806244788397e-07 3180
4.705384262121643209e-07 3180
4.715395717998498022e-07 3180
4.725407173875352304e-07 3180
4.735418629752207117e-07 3180
4.745430085629061400e-07 3180
4.755441541505916212e-07 3180
4.765452997382770495e-07 3180
4.775464453259625307e-07 3180
4.785475909136479590e-07 3180
4.795487365013333873e-07 3180
4.805498820890189215e-07 3180
4.815510276767043498e-07 3180
4.825521732643897781e-07 3180
4.835533188520752064e-07 3180
4.845544644397607405e-07 3180
4.855556100274461688e-07 3180
4.865567556151315971e-07 3180
4.875579012028170254e-07 3180
4.885590467905025596e-07 3180
4.895601923781879879e-07 3180
4.905613379658734162e-07 3180
4.915624835535589504e-07 3180
4.925636291412443786e-07 3180
4.935647747289298069e-07 3180
4.945659203166152352e-07 3180
4.955670659043007694e-07 3180
4.965682114919861977e-07 3180
4.975693570796716260e-07 3180
4.985705026673570543e-07 3180
4.995716482550425885e-07 3180
5.005727938427280167e-07 3180
5.015739394304134450e-07 3180
5.025750850180988733e-07 3180
5.035762306057844075e-07 3180
5.045773761934698358e-07 3180
5.055785217811552641e-07 3180
5.065796673688406924e-07 3180
5.075808129565262266e-07 3180
5.085819585442116549e-07 3180
5.095831041318970831e-07 3180
5.105842497195825114e-07 3180
5.115853953072680456e-07 3180
5.125865408949534739e-07 3180
5.135876864826389022e-07 3180
5.145888320703244364e-07 3180
5.155899776580098647e-07 3180
5.165911232456952930e-07 3180
5.175922688333807212e-07 3180
5.185934144210662554e-07 3180
5.195945600087516837e-07 3180
5.205957055964371120e-07 3180
5.215968511841225403e-07 3180
5.225979967718080745e-07 3180
5.235991423594935028e-07 3180
5.246002879471789311e-07 3180
5.256014335348643594e-07 3180
5.266025791225498935e-07 3180
5.276037247102353218e-07 3180
5.286048702979207501e-07 3180
5.296060158856061784e-07 3180
5.306071614732917126e-07 3180
5.316083070609771409e-07 3180
5.326094526486625692e-07 3180
5.336105982363479975e-07 3180
5.346117438240335316e-07 3180
5.356128894117189599e-07 3180
5.366140349994043882e-07 3180
5.376151805870899224e-07 3180
5.386163261747753507e-07 3180
5.396174717624607790e-07 3180
5.406186173501462073e-07 3180
5.416197629378317414e-07 3180
5.426209085255171697e-07 3180
5.436220541132025980e-07 3180
5.446231997008880263e-07 3180
5.456243452885735605e-07 3180
5.466254908762589888e-07 3180
5.476266364639444171e-07 3180
5.486277820516298454e-07 3180
5.496289276393153795e-07 3180
5.506300732270008078e-07 3180
5.516312188146862361e-07 3180
5.526323644023716644e-07 3180
5.536335099900571986e-07 3180
5.546346555777426269e-07 3180
5.556358011654280552e-07 3180
5.566369467531135894e-07 3180
5.576380923407990176e-07 3180
5.586392379284844459e-07 3180
5.596403835161698742e-07 3180
5.606415291038554084e-07 3180
5.616426746915408367e-07 3180
5.626438202792262650e-07 3180
5.636449658669116933e-07 3180
5.646461114545972275e-07 3180
5.656472570422826557e-07 3180
5.666484026299680840e-07 3180
5.676495482176535123e-07 3180
5.686506938053390465e-07 3180
5.696518393930244748e-07 3180
5.706529849807099031e-07 3180
5.716541305683953314e-07 3180
5.726552761560808656e-07 3180
5.736564217437662939e-07 3180
5.746575673314517221e-07 3180
5.756587129191371504e-07 3180
5.766598585068226846e-07 3180
5.776610040945081129e-07 3180
5.786621496821935412e-07 3180
5.796632952698790754e-07 3180
5.806644408575645037e-07 3180
5.816655864452499320e-07 3180
5.826667320329353602e-07 3180
5.836678776206208944e-07 3180
5.846690232083063227e-07 3180
5.856701687959917510e-07 3180
5.866713143836771793e-07 3180
5.876724599713627135e-07 3180
5.886736055590481418e-07 3180
5.896747511467335701e-07 3180
5.906758967344189984e-07 3180
5.916770423221045325e-07 3180
5.926781879097899608e-07 3180
5.936793334974753891e-07 3180
5.946804790851608174e-07 3180
5.956816246728463516e-07 3180
5.966827702605317799e-07 3180
5.976839158482172082e-07 3180
5.986850614359027423e-07 3180
5.996862070235881706e-07 3180
6.006873526112735989e-07 3180
6.016884981989590272e-07 3180
6.026896437866445614e-07 3180
6.036907893743299897e-07 3180
6.046919349620154180e-07 3180
6.056930805497008463e-07 3180
6.066942261373863804e-07 3180
6.076953717250718087e-07 3180
6.086965173127572370e-07 3180
6.096976629004426653e-07 3180
6.106988084881281995e-07 3180
6.116999540758136278e-07 3180
6.127010996634990561e-07 3180
6.137022452511844844e-07 3180
6.147033908388700185e-07 3180
6.157045364265554468e-07 3180
6.167056820142408751e-07 3180
6.177068276019263034e-07 3180
6.187079731896118376e-07 3180
6.197091187772972659e-07 3180
6.207102643649826942e-07 3180
6.217114099526682284e-07 3180
6.227125555403536566e-07 3180
6.237137011280390849e-07 3180
6.247148467157245132e-07 3180
6.257159923034100474e-07 3180
6.267171378910954757e-07 3180
6.277182834787809040e-07 3180
6.287194290664663323e-07 3180
6.297205746541518665e-07 3180
6.307217202418372947e-07 3180
6.317228658295227230e-07 3180
6.327240114172081513e-07 3180
6.337251570048936855e-07 3180
6.347263025925791138e-07 3180
6.357274481802645421e-07 3180
6.367285937679499704e-07 3180
6.377297393556355046e-07 3180
6.387308849433209329e-07 3180
6.397320305310063611e-07 3180
6.407331761186918953e-07 3180
6.417343217063773236e-07 3180
6.427354672940627519e-07 3180
6.437366128817481802e-07 3180
6.447377584694337144e-07 3180
6.457389040571191427e-07 3180
6.467400496448045710e-07 3180
6.477411952324899992e-07 3180
6.487423408201755334e-07 3180
6.497434864078609617e-07 3180
6.507446319955463900e-07 3180
6.517457775832318183e-07 3180
6.527469231709173525e-07 3180
6.537480687586027808e-07 3180
6.547492143462882091e-07 3180
6.557503599339736374e-07 3180
6.567515055216591715e-07 3180
6.577526511093445998e-07 3180
6.587537966970300281e-07 3180
6.597549422847154564e-07 3180
6.607560878724009906e-07 3180
6.617572334600864189e-07 3180
6.627583790477718472e-07 3180
6.637595246354573813e-07 3180
6.647606702231428096e-07 3180
6.657618158108282379e-07 3180
6.667629613985136662e-07 3180
6.677641069861992004e-07 3180
6.687652525738846287e-07 3180
6.697663981615700570e-07 3180
6.707675437492554853e-07 3180
6.717686893369410194e-07 3180
6.727698349246264477e-07 3180
6.737709805123118760e-07 3180
6.747721260999973043e-07 3180
6.757732716876828385e-07 3180
6.767744172753682668e-07 3180
6.777755628630536951e-07 3180
6.787767084507391234e-07 3180
6.797778540384246575e-07 3180
6.807789996261100858e-07 3180
6.817801452137955141e-07 3180
6.827812908014809424e-07 3180
6.837824363891664766e-07 3180
6.847835819768519049e-07 3180
6.857847275645373332e-07 3180
6.867858731522228674e-07 3180
6.877870187399082956e-07 3180
6.887881643275937239e-07 3180
6.897893099152791522e-07 3180
6.907904555029646864e-07 3180
6.917916010906501147e-07 3180
6.927927466783355430e-07 3180
6.937938922660209713e-07 3180
6.947950378537065055e-07 3180
6.957961834413919337e-07 3180
6.967973290290773620e-07 3180
6.977984746167627903e-07 3180
6.987996202044483245e-07 3180
6.998007657921337528e-07 3180
7.008019113798191811e-07 3180
7.018030569675046094e-07 3180
7.028042025551901436e-07 3180
7.038053481428755719e-07 3180
7.048064937305610001e-07 3180
7.058076393182465343e-07 3180
7.068087849059319626e-07 3180
7.078099304936173909e-07 3180
7.088110760813028192e-07 3180
7.098122216689883534e-07 3180
7.108133672566737817e-07 3180
7.118145128443592100e-07 3180
7.128156584320446382e-07 3180
7.138168040197301724e-07 3180
7.148179496074156007e-07 3180
7.158190951951010290e-07 3180
7.168202407827864573e-07 3180
7.178213863704719915e-07 3180
7.188225319581574198e-07 3180
7.198236775458428481e-07 3180
7.208248231335282764e-07 3180
7.218259687212138105e-07 3180
7.228271143088992388e-07 3180
7.238282598965846671e-07 3180
7.248294054842700954e-07 3180
7.258305510719556296e-07 3180
7.268316966596410579e-07 3180
7.278328422473264862e-07 3180
7.288339878350120203e-07 3180
7.298351334226974486e-07 3180
7.308362790103828769e-07 3180
7.318374245980683052e-07 3180
7.328385701857538394e-07 3180
7.338397157734392677e-07 3180
7.348408613611246960e-07 3180
7.358420069488101243e-07 3180
7.368431525364956584e-07 3180
7.378442981241810867e-07 3180
7.388454437118665150e-07 3180
7.398465892995519433e-07 3180
7.408477348872374775e-07 3180
7.418488804749229058e-07 3180
7.428500260626083341e-07 3180
7.438511716502937624e-07 3180
7.448523172379792965e-07 3180
7.458534628256647248e-07 3180
7.468546084133501531e-07 3180
7.478557540010356873e-07 3180
7.488568995887211156e-07 3180
7.498580451764065439e-07 3180
7.508591907640919722e-07 3180
7.518603363517775064e-07 3180
7.528614819394629346e-07 3180
7.538626275271483629e-07 3180
7.548637731148337912e-07 3180
7.558649187025193254e-07 3180
7.568660642902047537e-07 3180
7.578672098778901820e-07 3180
7.588683554655756103e-07 3180
7.598695010532611445e-07 3180
7.608706466409465727e-07 3180
7.618717922286320010e-07 3180
7.628729378163174293e-07 3180
7.638740834040029635e-07 3180
7.648752289916883918e-07 3180
7.658763745793738201e-07 3180
7.668775201670592484e-07 3180
7.678786657547447826e-07 3180
7.688798113424302109e-07 3180
7.698809569301156391e-07 3180
7.708821025178011733e-07 3180
7.718832481054866016e-07 3180
7.728843936931720299e-07 3180
7.738855392808574582e-07 3180
7.748866848685429924e-07 3180
7.758878304562284207e-07 3180
7.768889760439138490e-07 3180
7.778901216315992773e-07 3180
7.788912672192848114e-07 3180
7.798924128069702397e-07 3180
7.808935583946556680e-07 3180
7.818947039823410963e-07 3180
7.828958495700266305e-07 3180
7.838969951577120588e-07 3180
7.848981407453974871e-07 3180
7.858992863330829154e-07 3180
7.869004319207684495e-07 3180
7.879015775084538778e-07 3180
7.889027230961393061e-07 3180
7.899038686838247344e-07 3180
7.909050142715102686e-07 3180
7.919061598591956969e-07 3180
7.929073054468811252e-07 3180
7.939084510345666593e-07 3180
7.949095966222520876e-07 3180
7.959107422099375159e-07 3180
7.969118877976229442e-07 3180
7.979130333853084784e-07 3180
7.989141789729939067e-07 3180
7.999153245606793350e-07 3180
8.009164701483647633e-07 3180
8.019176157360502974e-07 3180
8.029187613237357257e-07 3180
8.039199069114211540e-07 3180
8.049210524991065823e-07 3180
8.059221980867921165e-07 3180
8.069233436744775448e-07 3180
8.079244892621629731e-07 3180
8.089256348498484014e-07 3180
8.099267804375339355e-07 3180
8.109279260252193638e-07 3180
8.119290716129047921e-07 3180
8.129302172005903263e-07 3180
8.139313627882757546e-07 3180
8.149325083759611829e-07 3180
8.159336539636466112e-07 3180
8.169347995513321454e-07 3180
8.179359451390175736e-07 3180
8.189370907267030019e-07 3180
8.199382363143884302e-07 3180
8.209393819020739644e-07 3180
8.219405274897593927e-07 3180
8.229416730774448210e-07 3180
8.239428186651302493e-07 3180
8.249439642528157835e-07 3180
8.259451098405012118e-07 3180
8.269462554281866400e-07 3180
8.279474010158720683e-07 3180
8.289485466035576025e-07 3180
8.299496921912430308e-07 3180
8.309508377789284591e-07 3180
8.319519833666138874e-07 3180
8.329531289542994216e-07 3180
8.339542745419848499e-07 3180
8.349554201296702781e-07 3180
8.359565657173558123e-07 3180
8.369577113050412406e-07 3180
8.379588568927266689e-07 3180
8.389600024804120972e-07 3180
8.399611480680976314e-07 3180
8.409622936557830597e-07 3180
8.419634392434684880e-07 3180
8.429645848311539163e-07 3180
8.439657304188394504e-07 3180
8.449668760065248787e-07 3180
8.459680215942103070e-07 3180
8.469691671818957353e-07 3180
8.479703127695812695e-07 3180
8.489714583572666978e-07 3180
8.499726039449521261e-07 3180
8.509737495326375544e-07 3180
8.519748951203230885e-07 3180
8.529760407080085168e-07 3180
8.539771862956939451e-07 3180
8.549783318833794793e-07 3180
8.559794774710649076e-07 3180
8.569806230587503359e-07 3180
8.579817686464357642e-07 3180
8.589829142341212983e-07 3180
8.599840598218067266e-07 3180
8.609852054094921549e-07 3180
8.619863509971775832e-07 3180
8.629874965848631174e-07 3180
8.639886421725485457e-07 3180
8.649897877602339740e-07 3180
8.659909333479194023e-07 3180
8.669920789356049364e-07 3180
8.679932245232903647e-07 3180
8.689943701109757930e-07 3180
8.699955156986612213e-07 3180
8.709966612863467555e-07 3180
8.719978068740321838e-07 3180
8.729989524617176121e-07 3180
8.740000980494030404e-07 3180
8.750012436370885745e-07 3180
8.760023892247740028e-07 3180
8.770035348124594311e-07 3180
8.780046804001449653e-07 3180
8.790058259878303936e-07 3180
8.800069715755158219e-07 3180
8.810081171632012502e-07 3180
8.820092627508867844e-07 3180
8.830104083385722126e-07 3180
8.840115539262576409e-07 3180
8.850126995139430692e-07 3180
8.860138451016286034e-07 3180
8.870149906893140317e-07 3180
8.880161362769994600e-07 3180
8.890172818646848883e-07 3180
8.900184274523704225e-07 3180
8.910195730400558508e-07 3180
8.920207186277412790e-07 3180
8.930218642154267073e-07 3180
8.940230098031122415e-07 3180
8.950241553907976698e-07 3180
8.960253009784830981e-07 3180
8.970264465661685264e-07 3180
8.980275921538540606e-07 3180
8.990287377415394889e-07 3180
9.000298833292249171e-07 3180
9.010310289169104513e-07 3180
9.020321745045958796e-07 3180
9.030333200922813079e-07 3180
9.040344656799667362e-07 3180
9.050356112676522704e-07 3180
9.060367568553376987e-07 3180
9.070379024430231270e-07 3180
9.080390480307085553e-07 3180
9.090401936183940894e-07 3180
9.100413392060795177e-07 3180
9.110424847937649460e-07 3180
9.120436303814503743e-07 3180
9.130447759691359085e-07 3180
9.140459215568213368e-07 3180
9.150470671445067651e-07 3180
9.160482127321921934e-07 3180
9.170493583198777275e-07 3180
9.180505039075631558e-07 3180
9.190516494952485841e-07 3180
9.200527950829341183e-07 3180
9.210539406706195466e-07 3180
9.220550862583049749e-07 3180
9.230562318459904032e-07 3180
9.240573774336759373e-07 3180
9.250585230213613656e-07 3180
9.260596686090467939e-07 3180
9.270608141967322222e-07 3180
9.280619597844177564e-07 3180
9.290631053721031847e-07 3180
9.300642509597886130e-07 3180
9.310653965474740413e-07 3180
9.320665421351595754e-07 3180
9.330676877228450037e-07 3180
9.340688333105304320e-07 3180
9.350699788982158603e-07 3180
9.360711244859013945e-07 3180
9.370722700735868228e-07 3180
9.380734156612722511e-07 3180
9.390745612489576794e-07 3180
9.400757068366432135e-07 3180
9.410768524243286418e-07 3180
9.420779980120140701e-07 3180
9.430791435996996043e-07 3180
9.440802891873850326e-07 3180
9.450814347750704609e-07 3180
9.460825803627558892e-07 3180
9.470837259504414234e-07 3180
9.480848715381268516e-07 3180
9.490860171258122799e-07 3180
9.500871627134977082e-07 3180
9.510883083011832424e-07 3180
9.520894538888686707e-07 3180
9.530905994765540990e-07 3180
9.540917450642395273e-07 3180
9.550928906519250615e-07 3180
9.560940362396103839e-07 3180
9.570951818272959180e-07 3180
9.580963274149814522e-07 3180
9.590974730026667746e-07 3180
9.600986185903523088e-07 3180
9.610997641780378430e-07 3180
9.621009097657231654e-07 3180
9.631020553534086996e-07 3180
9.641032009410942337e-07 3180
9.651043465287795561e-07 3180
9.661054921164650903e-07 3180
9.671066377041504127e-07 3180
9.681077832918359469e-07 3180
9.691089288795214811e-07 3180
9.701100744672068035e-07 3180
9.711112200548923377e-07 3180
9.721123656425778718e-07 3180
9.731135112302631943e-07 3180
9.741146568179487284e-07 3180
9.751158024056340508e-07 3180
9.761169479933195850e-07 3180
9.771180935810051192e-07 3180
9.781192391686904416e-07 3180
9.791203847563759758e-07 3180
9.801215303440615099e-07 3180
9.811226759317468324e-07 3180
9.821238215194323665e-07 3180
9.831249671071179007e-07 3180
9.841261126948032231e-07 3180
9.851272582824887573e-07 3180
9.861284038701740797e-07 3180
9.871295494578596139e-07 3180
9.881306950455451480e-07 3180
9.891318406332304705e-07 3180
9.901329862209160046e-07 3180
9.911341318086015388e-07 3180
9.921352773962868612e-07 3180
9.931364229839723954e-07 3180
9.941375685716577178e-07 3180
9.951387141593432520e-07 3180
9.961398597470287861e-07 3180
9.971410053347141086e-07 3180
9.981421509223996427e-07 3180
9.991432965100851769e-07 3180
1.000144442097770499e-06 3180
