0.000000000000000000e+00 3200
1.001011621130421736e-09 3200
2.002023242260843473e-09 3175
3.003034863391265002e-09 3175
4.004046484521686945e-09 3174
5.005058105652108889e-09 3174
6.006069726782530005e-09 3171
7.007081347912951948e-09 3171
8.008092969043373891e-09 3166
9.009104590173795834e-09 3166
1.001011621130421778e-08 3161
1.101112783243463972e-08 3152
1.201213945356506001e-08 3152
1.301315107469548195e-08 3144
1.401416269582590390e-08 3144
1.501517431695632584e-08 3140
1.601618593808674778e-08 3140
1.701719755921716972e-08 3136
1.801820918034759167e-08 3136
1.901922080147801361e-08 3133
2.002023242260843555e-08 3133
2.102124404373885750e-08 3127
2.202225566486927944e-08 3127
2.302326728599970138e-08 3126
2.402427890713012002e-08 3126
2.502529052826054196e-08 3124
2.602630214939096390e-08 3124
2.702731377052138585e-08 3123
2.802832539165180779e-08 3123
2.902933701278222973e-08 3121
3.003034863391265168e-08 3121
3.103136025504307362e-08 3120
3.203237187617349556e-08 3120
3.303338349730391751e-08 3119
3.403439511843433945e-08 3119
3.503540673956476139e-08 3119
3.603641836069518334e-08 3119
3.703742998182560528e-08 3119
3.803844160295602722e-08 3119
3.903945322408644917e-08 3118
4.004046484521687111e-08 3118
4.104147646634729305e-08 3117
4.204248808747771499e-08 3117
4.304349970860813694e-08 3115
4.404451132973855888e-08 3115
4.504552295086898082e-08 3113
4.604653457199940277e-08 3113
4.704754619312982471e-08 3113
4.804855781426024004e-08 3113
4.904956943539066198e-08 3113
5.005058105652108392e-08 3113
5.105159267765150587e-08 3112
5.205260429878192781e-08 3112
5.305361591991234975e-08 3111
5.405462754104277169e-08 3111
5.505563916217319364e-08 3111
5.605665078330361558e-08 3110
5.705766240443403752e-08 3110
5.805867402556445947e-08 3110
5.905968564669488141e-08 3110
6.006069726782530335e-08 3109
6.106170888895572530e-08 3109
6.206272051008614724e-08 3109
6.306373213121656918e-08 3109
6.406474375234699113e-08 3109
6.506575537347741307e-08 3109
6.606676699460783501e-08 3107
6.706777861573825696e-08 3107
6.806879023686867890e-08 3107
6.906980185799910084e-08 3107
7.007081347912952279e-08 3106
7.107182510025994473e-08 3106
7.207283672139036667e-08 3106
7.307384834252078861e-08 3106
7.407485996365121056e-08 3106
7.507587158478163250e-08 3106
7.607688320591205444e-08 3106
7.707789482704247639e-08 3106
7.807890644817289833e-08 3106
7.907991806930332027e-08 3106
8.008092969043374222e-08 3105
8.108194131156416416e-08 3105
8.208295293269458610e-08 3105
8.308396455382500805e-08 3105
8.408497617495542999e-08 3105
8.508598779608585193e-08 3105
8.608699941721627388e-08 3105
8.708801103834669582e-08 3105
8.808902265947711776e-08 3105
8.909003428060753971e-08 3105
9.009104590173796165e-08 3105
9.109205752286838359e-08 3105
9.209306914399880553e-08 3105
9.309408076512922748e-08 3105
9.409509238625964942e-08 3104
9.509610400739007136e-08 3104
9.609711562852048007e-08 3104
9.709812724965090202e-08 3104
9.809913887078132396e-08 3103
9.910015049191174590e-08 3103
1.001011621130421678e-07 3103
1.011021737341725898e-07 3103
1.021031853553030117e-07 3101
1.031041969764334337e-07 3101
1.041052085975638556e-07 3101
1.051062202186942776e-07 3101
1.061072318398246995e-07 3101
1.071082434609551214e-07 3101
1.081092550820855434e-07 3099
1.091102667032159653e-07 3099
1.101112783243463873e-07 3099
1.111122899454768092e-07 3099
1.121133015666072312e-07 3099
1.131143131877376531e-07 3099
1.141153248088680750e-07 3097
1.151163364299984970e-07 3097
1.161173480511289189e-07 3097
1.171183596722593409e-07 3097
1.181193712933897628e-07 3097
1.191203829145201848e-07 3097
1.201213945356506067e-07 3097
1.211224061567810419e-07 3097
1.221234177779114506e-07 3097
1.231244293990418858e-07 3097
1.241254410201722945e-07 3096
1.251264526413027297e-07 3096
1.261274642624331384e-07 3095
1.271284758835635735e-07 3095
1.281294875046939823e-07 3095
1.291304991258243910e-07 3095
1.301315107469548261e-07 3095
1.311325223680852348e-07 3095
1.321335339892156700e-07 3095
1.331345456103460787e-07 3095
1.341355572314765139e-07 3094
1.351365688526069226e-07 3094
1.361375804737373578e-07 3093
1.371385920948677665e-07 3093
1.381396037159982017e-07 3093
1.391406153371286104e-07 3093
1.401416269582590456e-07 3093
1.411426385793894543e-07 3093
1.421436502005198895e-07 3093
1.431446618216502982e-07 3093
1.441456734427807333e-07 3093
1.451466850639111421e-07 3093
1.461476966850415772e-07 3090
1.471487083061719859e-07 3090
1.481497199273024211e-07 3090
1.491507315484328298e-07 3090
1.501517431695632650e-07 3090
1.511527547906936737e-07 3090
1.521537664118241089e-07 3090
1.531547780329545176e-07 3090
1.541557896540849528e-07 3090
1.551568012752153615e-07 3090
1.561578128963457967e-07 3090
1.571588245174762054e-07 3090
1.581598361386066405e-07 3090
1.591608477597370493e-07 3090
1.601618593808674844e-07 3090
1.611628710019978931e-07 3090
1.621638826231283283e-07 3090
1.631648942442587370e-07 3090
1.641659058653891722e-07 3090
1.651669174865195809e-07 3090
1.661679291076500161e-07 3090
1.671689407287804248e-07 3090
1.681699523499108600e-07 3090
1.691709639710412687e-07 3090
1.701719755921717039e-07 3089
1.711729872133021126e-07 3089
1.721739988344325478e-07 3089
1.731750104555629565e-07 3089
1.741760220766933916e-07 3089
1.751770336978238003e-07 3089
1.761780453189542355e-07 3089
1.771790569400846442e-07 3089
1.781800685612150794e-07 3089
1.791810801823454881e-07 3089
1.801820918034759233e-07 3089
1.811831034246063320e-07 3089
1.821841150457367672e-07 3089
1.831851266668671759e-07 3089
1.841861382879976111e-07 3089
1.851871499091280198e-07 3089
1.861881615302584550e-07 3089
1.871891731513888637e-07 3089
1.881901847725192988e-07 3089
1.891911963936497075e-07 3089
1.901922080147801427e-07 3089
1.911932196359105514e-07 3089
1.921942312570409601e-07 3089
1.931952428781713953e-07 3089
1.941962544993018040e-07 3088
1.951972661204322392e-07 3088
1.961982777415626479e-07 3088
1.971992893626930831e-07 3088
1.982003009838234918e-07 3088
1.992013126049539270e-07 3088
2.002023242260843357e-07 3088
2.012033358472147709e-07 3088
2.022043474683451796e-07 3088
2.032053590894756148e-07 3088
2.042063707106060235e-07 3088
2.052073823317364586e-07 3088
2.062083939528668673e-07 3087
2.072094055739973025e-07 3087
2.082104171951277112e-07 3087
2.092114288162581464e-07 3087
2.102124404373885551e-07 3086
2.112134520585189903e-07 3086
2.122144636796493990e-07 3086
2.132154753007798342e-07 3086
2.142164869219102429e-07 3085
2.152174985430406781e-07 3085
2.162185101641710868e-07 3085
2.172195217853015220e-07 3085
2.182205334064319307e-07 3085
2.192215450275623658e-07 3085
2.202225566486927746e-07 3085
2.212235682698232097e-07 3085
2.222245798909536184e-07 3085
2.232255915120840536e-07 3085
2.242266031332144623e-07 3085
2.252276147543448975e-07 3085
2.262286263754753062e-07 3085
2.272296379966057414e-07 3085
2.282306496177361501e-07 3085
2.292316612388665853e-07 3085
2.302326728599969940e-07 3085
2.312336844811274292e-07 3085
2.322346961022578379e-07 3085
2.332357077233882730e-07 3085
2.342367193445186818e-07 3085
2.352377309656491169e-07 3085
2.362387425867795256e-07 3085
2.372397542079099608e-07 3085
2.382407658290403695e-07 3085
2.392417774501708047e-07 3085
2.402427890713012134e-07 3085
2.412438006924316221e-07 3085
2.422448123135620838e-07 3085
2.432458239346924925e-07 3085
2.442468355558229012e-07 3083
2.452478471769533099e-07 3083
2.462488587980837715e-07 3083
2.472498704192141803e-07 3083
2.482508820403445890e-07 3083
2.492518936614749977e-07 3083
2.502529052826054593e-07 3083
2.512539169037358680e-07 3083
2.522549285248662767e-07 3083
2.532559401459966854e-07 3083
2.542569517671271471e-07 3083
2.552579633882575558e-07 3083
2.562589750093879645e-07 3082
2.572599866305183732e-07 3082
2.582609982516487819e-07 3081
2.592620098727792436e-07 3081
2.602630214939096523e-07 3081
2.612640331150400610e-07 3081
2.622650447361704697e-07 3081
2.632660563573009313e-07 3081
2.642670679784313401e-07 3081
2.652680795995617488e-07 3081
2.662690912206921575e-07 3081
2.672701028418226191e-07 3081
2.682711144629530278e-07 3081
2.692721260840834365e-07 3081
2.702731377052138452e-07 3080
2.712741493263443069e-07 3080
2.722751609474747156e-07 3080
2.732761725686051243e-07 3080
2.742771841897355330e-07 3080
2.752781958108659947e-07 3080
2.762792074319964034e-07 3080
2.772802190531268121e-07 3080
2.782812306742572208e-07 3080
2.792822422953876824e-07 3080
2.802832539165180911e-07 3080
2.812842655376484998e-07 3080
2.822852771587789086e-07 3080
2.832862887799093702e-07 3080
2.842873004010397789e-07 3080
2.852883120221701876e-07 3080
2.862893236433005963e-07 3080
2.872903352644310580e-07 3080
2.882913468855614667e-07 3080
2.892923585066918754e-07 3080
2.902933701278222841e-07 3079
2.912943817489527458e-07 3079
2.922953933700831545e-07 3078
2.932964049912135632e-07 3078
2.942974166123439719e-07 3078
2.952984282334744335e-07 3078
2.962994398546048422e-07 3078
2.973004514757352509e-07 3078
2.983014630968656596e-07 3078
2.993024747179961213e-07 3078
3.003034863391265300e-07 3077
3.013044979602569387e-07 3077
3.023055095813873474e-07 3077
3.033065212025178091e-07 3077
3.043075328236482178e-07 3077
3.053085444447786265e-07 3077
3.063095560659090352e-07 3077
3.073105676870394968e-07 3077
3.083115793081699055e-07 3077
3.093125909293003143e-07 3077
3.103136025504307230e-07 3077
3.113146141715611846e-07 3077
3.123156257926915933e-07 3077
3.133166374138220020e-07 3077
3.143176490349524107e-07 3076
3.153186606560828724e-07 3076
3.163196722772132811e-07 3076
3.173206838983436898e-07 3076
3.183216955194740985e-07 3076
3.193227071406045602e-07 3076
3.203237187617349689e-07 3076
3.213247303828653776e-07 3076
3.223257420039957863e-07 3076
3.233267536251261950e-07 3076
3.243277652462566566e-07 3076
3.253287768673870653e-07 3076
3.263297884885174741e-07 3076
3.273308001096478828e-07 3076
3.283318117307783444e-07 3076
3.293328233519087531e-07 3076
3.303338349730391618e-07 3075
3.313348465941695705e-07 3075
3.323358582153000322e-07 3075
3.333368698364304409e-07 3075
3.343378814575608496e-07 3075
3.353388930786912583e-07 3075
3.363399046998217200e-07 3075
3.373409163209521287e-07 3075
3.383419279420825374e-07 3074
3.393429395632129461e-07 3074
3.403439511843434077e-07 3074
3.413449628054738164e-07 3074
3.423459744266042251e-07 3074
3.433469860477346339e-07 3074
3.443479976688650955e-07 3074
3.453490092899955042e-07 3074
3.463500209111259129e-07 3074
3.473510325322563216e-07 3074
3.483520441533867833e-07 3074
3.493530557745171920e-07 3074
3.503540673956476007e-07 3074
3.513550790167780094e-07 3074
3.523560906379084710e-07 3074
3.533571022590388798e-07 3074
3.543581138801692885e-07 3074
3.553591255012996972e-07 3074
3.563601371224301588e-07 3074
3.573611487435605675e-07 3074
3.583621603646909762e-07 3074
3.593631719858213849e-07 3074
3.603641836069518466e-07 3073
3.613651952280822553e-07 3073
3.623662068492126640e-07 3073
3.633672184703430727e-07 3073
3.643682300914735344e-07 3073
3.653692417126039431e-07 3073
3.663702533337343518e-07 3073
3.673712649548647605e-07 3073
3.683722765759952221e-07 3073
3.693732881971256308e-07 3073
3.703742998182560396e-07 3073
3.713753114393864483e-07 3073
3.723763230605169099e-07 3073
3.733773346816473186e-07 3073
3.743783463027777273e-07 3073
3.753793579239081360e-07 3073
3.763803695450385977e-07 3073
3.773813811661690064e-07 3073
3.783823927872994151e-07 3073
3.793834044084298238e-07 3073
3.803844160295602855e-07 3073
3.813854276506906942e-07 3073
3.823864392718211029e-07 3073
3.833874508929515116e-07 3073
3.843884625140819203e-07 3073
3.853894741352123819e-07 3073
3.863904857563427906e-07 3073
3.873914973774731994e-07 3073
3.883925089986036081e-07 3073
3.893935206197340697e-07 3073
3.903945322408644784e-07 3073
3.913955438619948871e-07 3073
3.923965554831252958e-07 3073
3.933975671042557575e-07 3073
3.943985787253861662e-07 3073
3.953995903465165749e-07 3073
3.964006019676469836e-07 3073
3.974016135887774453e-07 3073
3.984026252099078540e-07 3073
3.994036368310382627e-07 3073
4.004046484521686714e-07 3073
4.014056600732991330e-07 3073
4.024066716944295417e-07 3073
4.034076833155599504e-07 3073
4.044086949366903592e-07 3073
4.054097065578208208e-07 3073
4.064107181789512295e-07 3073
4.074117298000816382e-07 3073
4.084127414212120469e-07 3073
4.094137530423425086e-07 3073
4.104147646634729173e-07 3073
4.114157762846033260e-07 3073
4.124167879057337347e-07 3073
4.134177995268641963e-07 3073
4.144188111479946051e-07 3073
4.154198227691250138e-07 3073
4.164208343902554225e-07 3073
4.174218460113858841e-07 3073
4.184228576325162928e-07 3073
4.194238692536467015e-07 3073
4.204248808747771102e-07 3073
4.214258924959075719e-07 3071
4.224269041170379806e-07 3071
4.234279157381683893e-07 3070
4.244289273592987980e-07 3070
4.254299389804292597e-07 3070
4.264309506015596684e-07 3070
4.274319622226900771e-07 3070
4.284329738438204858e-07 3070
4.294339854649509474e-07 3070
4.304349970860813561e-07 3070
4.314360087072117649e-07 3070
4.324370203283421736e-07 3070
4.334380319494726352e-07 3070
4.344390435706030439e-07 3070
4.354400551917334526e-07 3070
4.364410668128638613e-07 3070
4.374420784339943230e-07 3070
4.384430900551247317e-07 3070
4.394441016762551404e-07 3070
4.404451132973855491e-07 3070
4.414461249185160108e-07 3070
4.424471365396464195e-07 3070
4.434481481607768282e-07 3070
4.444491597819072369e-07 3070
4.454501714030376985e-07 3070
4.464511830241681072e-07 3070
4.474521946452985159e-07 3070
4.484532062664289247e-07 3070
4.494542178875593334e-07 3070
4.504552295086897950e-07 3070
4.514562411298202037e-07 3070
4.524572527509506124e-07 3070
4.534582643720810211e-07 3070
4.544592759932114828e-07 3070
4.554602876143418915e-07 3070
4.564612992354723002e-07 3070
4.574623108566027089e-07 3070
4.584633224777331706e-07 3070
4.594643340988635793e-07 3070
4.604653457199939880e-07 3070
4.614663573411243967e-07 3070
4.624673689622548583e-07 3070
4.634683805833852670e-07 3070
4.644693922045156757e-07 3070
4.654704038256460844e-07 3070
4.664714154467765461e-07 3070
4.674724270679069548e-07 3070
4.684734386890373635e-07 3070
4.694744503101677722e-07 3070
4.704754619312982339e-07 3070
4.714764735524286426e-07 3070
4.724774851735590513e-07 3070
4.734784967946894600e-07 3070
4.744795084158199216e-07 3070
4.754805200369503304e-07 3070
4.764815316580807391e-07 3070
4.774825432792111478e-07 3070
4.784835549003416094e-07 3070
4.794845665214719652e-07 3070
4.804855781426024268e-07 3070
4.814865897637328885e-07 3070
4.824876013848632442e-07 3070
4.834886130059937059e-07 3070
4.844896246271241675e-07 3070
4.854906362482545233e-07 3070
4.864916478693849850e-07 3070
4.874926594905153407e-07 3070
4.884936711116458024e-07 3070
4.894946827327762640e-07 3070
4.904956943539066198e-07 3070
4.914967059750370814e-07 3070
4.924977175961675431e-07 3070
4.934987292172978989e-07 3070
4.944997408384283605e-07 3070
4.955007524595587163e-07 3070
4.965017640806891779e-07 3070
4.975027757018196396e-07 3070
4.985037873229499953e-07 3070
4.995047989440804570e-07 3070
5.005058105652109186e-07 3070
5.015068221863412744e-07 3070
5.025078338074717360e-07 3070
5.035088454286020918e-07 3070
5.045098570497325535e-07 3070
5.055108686708630151e-07 3070
5.065118802919933709e-07 3070
5.075128919131238325e-07 3070
5.085139035342542942e-07 3070
5.095149151553846499e-07 3070
5.105159267765151116e-07 3070
5.115169383976454674e-07 3070
5.125179500187759290e-07 3070
5.135189616399063907e-07 3070
5.145199732610367464e-07 3070
5.155209848821672081e-07 3070
5.165219965032975638e-07 3070
5.175230081244280255e-07 3070
5.185240197455584871e-07 3070
5.195250313666888429e-07 3070
5.205260429878193046e-07 3070
5.215270546089497662e-07 3070
5.225280662300801220e-07 3070
5.235290778512105836e-07 3070
5.245300894723409394e-07 3070
5.255311010934714010e-07 3070
5.265321127146018627e-07 3070
5.275331243357322185e-07 3070
5.285341359568626801e-07 3070
5.295351475779931417e-07 3070
5.305361591991234975e-07 3070
5.315371708202539592e-07 3070
5.325381824413843149e-07 3070
5.335391940625147766e-07 3070
5.345402056836452382e-07 3070
5.355412173047755940e-07 3070
5.365422289259060556e-07 3070
5.375432405470365173e-07 3070
5.385442521681668731e-07 3070
5.395452637892973347e-07 3070
5.405462754104276905e-07 3070
5.415472870315581521e-07 3070
5.425482986526886138e-07 3070
5.435493102738189695e-07 3070
5.445503218949494312e-07 3070
5.455513335160798928e-07 3070
5.465523451372102486e-07 3070
5.475533567583407103e-07 3070
5.485543683794710660e-07 3070
5.495553800006015277e-07 3070
5.505563916217319893e-07 3070
5.515574032428623451e-07 3070
5.525584148639928067e-07 3070
5.535594264851232684e-07 3070
5.545604381062536242e-07 3070
5.555614497273840858e-07 3070
5.565624613485144416e-07 3070
5.575634729696449032e-07 3070
5.585644845907753649e-07 3070
5.595654962119057206e-07 3070
5.605665078330361823e-07 3070
5.615675194541666439e-07 3070
5.625685310752969997e-07 3070
5.635695426964274613e-07 3070
5.645705543175578171e-07 3070
5.655715659386882788e-07 3070
5.665725775598187404e-07 3070
5.675735891809490962e-07 3070
5.685746008020795578e-07 3070
5.695756124232100195e-07 3070
5.705766240443403752e-07 3070
5.715776356654708369e-07 3070
5.725786472866011927e-07 3070
5.735796589077316543e-07 3070
5.745806705288621160e-07 3070
5.755816821499924717e-07 3070
5.765826937711229334e-07 3070
5.775837053922532891e-07 3070
5.785847170133837508e-07 3070
5.795857286345142124e-07 3069
5.805867402556445682e-07 3069
5.815877518767750299e-07 3069
5.825887634979054915e-07 3069
5.835897751190358473e-07 3069
5.845907867401663089e-07 3069
5.855917983612966647e-07 3068
5.865928099824271263e-07 3068
5.875938216035575880e-07 3068
5.885948332246879438e-07 3068
5.895958448458184054e-07 3068
5.905968564669488670e-07 3068
5.915978680880792228e-07 3068
5.925988797092096845e-07 3068
5.935998913303400402e-07 3068
5.946009029514705019e-07 3068
5.956019145726009635e-07 3068
5.966029261937313193e-07 3068
5.976039378148617809e-07 3068
5.986049494359922426e-07 3068
5.996059610571225984e-07 3068
6.006069726782530600e-07 3068
6.016079842993834158e-07 3068
6.026089959205138774e-07 3068
6.036100075416443391e-07 3068
6.046110191627746948e-07 3068
6.056120307839051565e-07 3067
6.066130424050356181e-07 3067
6.076140540261659739e-07 3067
6.086150656472964356e-07 3067
6.096160772684267913e-07 3067
6.106170888895572530e-07 3067
6.116181005106877146e-07 3067
6.126191121318180704e-07 3067
6.136201237529485320e-07 3067
6.146211353740789937e-07 3067
6.156221469952093495e-07 3067
6.166231586163398111e-07 3067
6.176241702374701669e-07 3067
6.186251818586006285e-07 3067
6.196261934797310902e-07 3067
6.206272051008614459e-07 3067
6.216282167219919076e-07 3067
6.226292283431223692e-07 3067
6.236302399642527250e-07 3067
6.246312515853831866e-07 3067
6.256322632065135424e-07 3067
6.266332748276440041e-07 3067
6.276342864487744657e-07 3067
6.286352980699048215e-07 3067
6.296363096910352831e-07 3067
6.306373213121657448e-07 3067
6.316383329332961005e-07 3067
6.326393445544265622e-07 3067
6.336403561755569180e-07 3067
6.346413677966873796e-07 3067
6.356423794178178413e-07 3067
6.366433910389481970e-07 3067
6.376444026600786587e-07 3067
6.386454142812091203e-07 3067
6.396464259023394761e-07 3067
6.406474375234699377e-07 3067
6.416484491446002935e-07 3067
6.426494607657307552e-07 3067
6.436504723868612168e-07 3067
6.446514840079915726e-07 3067
6.456524956291220342e-07 3067
6.466535072502523900e-07 3067
6.476545188713828516e-07 3067
6.486555304925133133e-07 3067
6.496565421136436690e-07 3067
6.506575537347741307e-07 3067
6.516585653559045923e-07 3067
6.526595769770349481e-07 3067
6.536605885981654098e-07 3067
6.546616002192957655e-07 3067
6.556626118404262272e-07 3067
6.566636234615566888e-07 3067
6.576646350826870446e-07 3067
6.586656467038175062e-07 3067
6.596666583249479679e-07 3067
6.606676699460783237e-07 3067
6.616686815672087853e-07 3067
6.626696931883391411e-07 3067
6.636707048094696027e-07 3067
6.646717164306000644e-07 3067
6.656727280517304201e-07 3067
6.666737396728608818e-07 3067
6.676747512939913434e-07 3067
6.686757629151216992e-07 3067
6.696767745362521609e-07 3067
6.706777861573825166e-07 3067
6.716787977785129783e-07 3067
6.726798093996434399e-07 3067
6.736808210207737957e-07 3066
6.746818326419042573e-07 3066
6.756828442630347190e-07 3066
6.766838558841650747e-07 3066
6.776848675052955364e-07 3066
6.786858791264258922e-07 3066
6.796868907475563538e-07 3066
6.806879023686868155e-07 3066
6.816889139898171712e-07 3065
6.826899256109476329e-07 3065
6.836909372320780945e-07 3065
6.846919488532084503e-07 3065
6.856929604743389119e-07 3065
6.866939720954692677e-07 3065
6.876949837165997294e-07 3065
6.886959953377301910e-07 3065
6.896970069588605468e-07 3065
6.906980185799910084e-07 3065
6.916990302011214701e-07 3065
6.927000418222518258e-07 3065
6.937010534433822875e-07 3065
6.947020650645126433e-07 3065
6.957030766856431049e-07 3065
6.967040883067735666e-07 3065
6.977050999279039223e-07 3065
6.987061115490343840e-07 3065
6.997071231701648456e-07 3065
7.007081347912952014e-07 3065
7.017091464124256630e-07 3065
7.027101580335560188e-07 3065
7.037111696546864804e-07 3065
7.047121812758169421e-07 3065
7.057131928969472979e-07 3065
7.067142045180777595e-07 3065
7.077152161392081153e-07 3065
7.087162277603385769e-07 3065
7.097172393814690386e-07 3065
7.107182510025993943e-07 3065
7.117192626237298560e-07 3065
7.127202742448603176e-07 3065
7.137212858659906734e-07 3065
7.147222974871211351e-07 3065
7.157233091082514908e-07 3065
7.167243207293819525e-07 3065
7.177253323505124141e-07 3065
7.187263439716427699e-07 3065
7.197273555927732315e-07 3065
7.207283672139036932e-07 3065
7.217293788350340490e-07 3065
7.227303904561645106e-07 3065
7.237314020772948664e-07 3065
7.247324136984253280e-07 3065
7.257334253195557897e-07 3065
7.267344369406861454e-07 3065
7.277354485618166071e-07 3065
7.287364601829470687e-07 3065
7.297374718040774245e-07 3065
7.307384834252078861e-07 3065
7.317394950463382419e-07 3065
7.327405066674687036e-07 3065
7.337415182885991652e-07 3065
7.347425299097295210e-07 3065
7.357435415308599826e-07 3065
7.367445531519904443e-07 3065
7.377455647731208000e-07 3065
7.387465763942512617e-07 3065
7.397475880153816175e-07 3065
7.407485996365120791e-07 3065
7.417496112576425408e-07 3065
7.427506228787728965e-07 3065
7.437516344999033582e-07 3065
7.447526461210338198e-07 3065
7.457536577421641756e-07 3065
7.467546693632946372e-07 3065
7.477556809844249930e-07 3065
7.487566926055554547e-07 3065
7.497577042266859163e-07 3065
7.507587158478162721e-07 3065
7.517597274689467337e-07 3065
7.527607390900771954e-07 3065
7.537617507112075511e-07 3065
7.547627623323380128e-07 3065
7.557637739534683686e-07 3065
7.567647855745988302e-07 3065
7.577657971957292918e-07 3065
7.587668088168596476e-07 3065
7.597678204379901093e-07 3064
7.607688320591205709e-07 3064
7.617698436802509267e-07 3064
7.627708553013813883e-07 3064
7.637718669225117441e-07 3064
7.647728785436422057e-07 3064
7.657738901647726674e-07 3064
7.667749017859030232e-07 3064
7.677759134070334848e-07 3064
7.687769250281638406e-07 3064
7.697779366492943022e-07 3064
7.707789482704247639e-07 3064
7.717799598915551196e-07 3064
7.727809715126855813e-07 3064
7.737819831338160429e-07 3064
7.747829947549463987e-07 3064
7.757840063760768604e-07 3064
7.767850179972072161e-07 3064
7.777860296183376778e-07 3064
7.787870412394681394e-07 3064
7.797880528605984952e-07 3064
7.807890644817289568e-07 3064
7.817900761028594185e-07 3064
7.827910877239897743e-07 3064
7.837920993451202359e-07 3064
7.847931109662505917e-07 3064
7.857941225873810533e-07 3064
7.867951342085115150e-07 3064
7.877961458296418707e-07 3064
7.887971574507723324e-07 3064
7.897981690719027940e-07 3064
7.907991806930331498e-07 3064
7.918001923141636114e-07 3064
7.928012039352939672e-07 3064
7.938022155564244289e-07 3064
7.948032271775548905e-07 3064
7.958042387986852463e-07 3064
7.968052504198157079e-07 3064
7.978062620409461696e-07 3064
7.988072736620765253e-07 3064
7.998082852832069870e-07 3064
8.008092969043373428e-07 3064
8.018103085254678044e-07 3064
8.028113201465982661e-07 3064
8.038123317677286218e-07 3064
8.048133433888590835e-07 3064
8.058143550099895451e-07 3064
8.068153666311199009e-07 3064
8.078163782522503625e-07 3064
8.088173898733807183e-07 3064
8.098184014945111800e-07 3064
8.108194131156416416e-07 3064
8.118204247367719974e-07 3064
8.128214363579024590e-07 3064
8.138224479790329207e-07 3064
8.148234596001632764e-07 3064
8.158244712212937381e-07 3064
8.168254828424240938e-07 3064
8.178264944635545555e-07 3064
8.188275060846850171e-07 3064
8.198285177058153729e-07 3064
8.208295293269458346e-07 3064
8.218305409480762962e-07 3064
8.228315525692066520e-07 3064
8.238325641903371136e-07 3064
8.248335758114674694e-07 3064
8.258345874325979310e-07 3064
8.268355990537283927e-07 3064
8.278366106748587485e-07 3063
8.288376222959892101e-07 3063
8.298386339171196718e-07 3063
8.308396455382500275e-07 3063
8.318406571593804892e-07 3063
8.328416687805108449e-07 3063
8.338426804016413066e-07 3063
8.348436920227717682e-07 3063
8.358447036439021240e-07 3063
8.368457152650325857e-07 3063
8.378467268861629414e-07 3063
8.388477385072934031e-07 3063
8.398487501284238647e-07 3063
8.408497617495542205e-07 3063
8.418507733706846821e-07 3063
8.428517849918151438e-07 3063
8.438527966129454995e-07 3063
8.448538082340759612e-07 3063
8.458548198552063170e-07 3063
8.468558314763367786e-07 3063
8.478568430974672403e-07 3063
8.488578547185975960e-07 3063
8.498588663397280577e-07 3063
8.508598779608585193e-07 3063
8.518608895819888751e-07 3063
8.528619012031193367e-07 3063
8.538629128242496925e-07 3063
8.548639244453801542e-07 3063
8.558649360665106158e-07 3063
8.568659476876409716e-07 3063
8.578669593087714332e-07 3063
8.588679709299018949e-07 3063
8.598689825510322506e-07 3063
8.608699941721627123e-07 3063
8.618710057932930681e-07 3063
8.628720174144235297e-07 3063
8.638730290355539914e-07 3063
8.648740406566843471e-07 3063
8.658750522778148088e-07 3063
8.668760638989452704e-07 3063
8.678770755200756262e-07 3063
8.688780871412060878e-07 3063
8.698790987623364436e-07 3063
8.708801103834669052e-07 3063
8.718811220045973669e-07 3063
8.728821336257277227e-07 3063
8.738831452468581843e-07 3063
8.748841568679886460e-07 3063
8.758851684891190017e-07 3063
8.768861801102494634e-07 3063
8.778871917313798191e-07 3063
8.788882033525102808e-07 3063
8.798892149736407424e-07 3063
8.808902265947710982e-07 3063
8.818912382159015599e-07 3063
8.828922498370320215e-07 3063
8.838932614581623773e-07 3063
8.848942730792928389e-07 3063
8.858952847004231947e-07 3063
8.868962963215536563e-07 3063
8.878973079426841180e-07 3063
8.888983195638144738e-07 3063
8.898993311849449354e-07 3063
8.909003428060753971e-07 3063
8.919013544272057528e-07 3063
8.929023660483362145e-07 3063
8.939033776694665702e-07 3063
8.949043892905970319e-07 3063
8.959054009117274935e-07 3063
8.969064125328578493e-07 3063
8.979074241539883109e-07 3063
8.989084357751186667e-07 3063
8.999094473962491284e-07 3063
9.009104590173795900e-07 3063
9.019114706385099458e-07 3063
9.029124822596404074e-07 3063
9.039134938807708691e-07 3063
9.049145055019012248e-07 3063
9.059155171230316865e-07 3063
9.069165287441620423e-07 3063
9.079175403652925039e-07 3063
9.089185519864229656e-07 3063
9.099195636075533213e-07 3063
9.109205752286837830e-07 3063
9.119215868498142446e-07 3063
9.129225984709446004e-07 3063
9.139236100920750620e-07 3063
9.149246217132054178e-07 3063
9.159256333343358795e-07 3063
9.169266449554663411e-07 3063
9.179276565765966969e-07 3063
9.189286681977271585e-07 3063
9.199296798188576202e-07 3063
9.209306914399879759e-07 3063
9.219317030611184376e-07 3063
9.229327146822487934e-07 3063
9.239337263033792550e-07 3063
9.249347379245097166e-07 3063
9.259357495456400724e-07 3063
9.269367611667705341e-07 3063
9.279377727879009957e-07 3063
9.289387844090313515e-07 3063
9.299397960301618131e-07 3063
9.309408076512921689e-07 3063
9.319418192724226305e-07 3063
9.329428308935530922e-07 3063
9.339438425146834480e-07 3063
9.349448541358139096e-07 3063
9.359458657569443713e-07 3063
9.369468773780747270e-07 3063
9.379478889992051887e-07 3063
9.389489006203355444e-07 3063
9.399499122414660061e-07 3063
9.409509238625964677e-07 3063
9.419519354837268235e-07 3063
9.429529471048572852e-07 3063
9.439539587259877468e-07 3062
9.449549703471181026e-07 3062
9.459559819682485642e-07 3062
9.469569935893789200e-07 3062
9.479580052105093816e-07 3062
9.489590168316398433e-07 3062
9.499600284527701991e-07 3062
9.509610400739006607e-07 3062
9.519620516950311223e-07 3062
9.529630633161614781e-07 3062
9.539640749372919398e-07 3062
9.549650865584222955e-07 3062
9.559660981795528631e-07 3062
9.569671098006832188e-07 3062
9.579681214218135746e-07 3062
9.589691330429439304e-07 3062
9.599701446640744979e-07 3062
9.609711562852048537e-07 3062
9.619721679063352094e-07 3062
9.629731795274657770e-07 3062
9.639741911485961327e-07 3062
9.649752027697264885e-07 3062
9.659762143908570560e-07 3062
9.669772260119874118e-07 3062
9.679782376331177676e-07 3062
9.689792492542483351e-07 3062
9.699802608753786909e-07 3062
9.709812724965090466e-07 3062
9.719822841176394024e-07 3062
9.729832957387699699e-07 3062
9.739843073599003257e-07 3062
9.749853189810306815e-07 3062
9.759863306021612490e-07 3062
9.769873422232916048e-07 3062
9.779883538444219605e-07 3062
9.789893654655525280e-07 3062
9.799903770866828838e-07 3062
9.809913887078132396e-07 3062
9.819924003289438071e-07 3062
9.829934119500741629e-07 3062
9.839944235712045186e-07 3062
9.849954351923350862e-07 3062
9.859964468134654419e-07 3062
9.869974584345957977e-07 3062
9.879984700557261535e-07 3062
9.889994816768567210e-07 3062
9.900004932979870768e-07 3062
9.910015049191174325e-07 3062
9.920025165402480001e-07 3062
9.930035281613783558e-07 3062
9.940045397825087116e-07 3062
9.950055514036392791e-07 3062
9.960065630247696349e-07 3062
9.970075746458999907e-07 3062
9.980085862670305582e-07 3062
9.990095978881609140e-07 3062
1.000010609509291270e-06 3062
